02/02/2016 13:49:04
LT: 319.19

1.3000	   797	0.3000	     0
1.3085	   967	0.3017	     0
1.3170	   879	0.3033	     0
1.3255	   938	0.3050	     0
1.3340	   870	0.3066	     0
1.3425	   883	0.3083	     0
1.3510	   875	0.3100	     0
1.3595	   872	0.3116	     0
1.3680	   813	0.3133	     0
1.3765	   809	0.3149	     0
1.3850	   821	0.3166	     0
1.3935	   754	0.3183	     0
1.4020	   787	0.3199	     0
1.4104	   749	0.3216	     0
1.4189	   733	0.3232	     0
1.4274	   738	0.3249	     0
1.4359	   767	0.3266	     0
1.4444	   709	0.3282	     0
1.4529	   689	0.3299	     0
1.4614	   708	0.3315	     0
1.4699	   652	0.3332	     0
1.4784	   685	0.3349	     0
1.4869	   689	0.3365	     1
1.4954	   675	0.3382	     0
1.5039	   676	0.3398	     0
1.5124	   688	0.3415	     0
1.5209	   708	0.3432	     0
1.5294	   698	0.3448	     0
1.5379	   657	0.3465	     0
1.5464	   686	0.3481	     0
1.5549	   672	0.3498	     0
1.5634	   640	0.3515	     0
1.5719	   648	0.3531	     0
1.5804	   715	0.3548	     0
1.5889	   684	0.3564	     0
1.5974	   722	0.3581	     0
1.6059	   694	0.3598	     0
1.6144	   635	0.3614	     0
1.6229	   627	0.3631	     0
1.6313	   646	0.3647	     0
1.6398	   666	0.3664	     2
1.6483	   669	0.3681	     0
1.6568	   655	0.3697	     0
1.6653	   626	0.3714	     0
1.6738	   665	0.3730	     0
1.6823	   658	0.3747	     0
1.6908	   584	0.3764	     0
1.6993	   650	0.3780	     0
1.7078	   584	0.3797	     0
1.7163	   633	0.3813	     1
1.7248	   605	0.3830	     0
1.7333	   628	0.3847	     1
1.7418	   617	0.3863	     0
1.7503	   593	0.3880	     0
1.7588	   635	0.3896	     0
1.7673	   625	0.3913	     0
1.7758	   625	0.3930	     0
1.7843	   682	0.3946	     0
1.7928	   586	0.3963	     0
1.8013	   625	0.3979	     1
1.8098	   572	0.3996	     0
1.8183	   606	0.4013	     0
1.8268	   622	0.4029	     1
1.8353	   579	0.4046	     0
1.8438	   605	0.4063	     1
1.8522	   573	0.4079	     0
1.8607	   555	0.4096	     1
1.8692	   584	0.4112	     0
1.8777	   571	0.4129	     0
1.8862	   571	0.4146	     0
1.8947	   568	0.4162	     0
1.9032	   565	0.4179	     0
1.9117	   614	0.4195	     0
1.9202	   611	0.4212	     0
1.9287	   549	0.4229	     0
1.9372	   513	0.4245	     0
1.9457	   561	0.4262	     0
1.9542	   566	0.4278	     0
1.9627	   574	0.4295	     0
1.9712	   616	0.4312	     0
1.9797	   553	0.4328	     0
1.9882	   550	0.4345	     1
1.9967	   618	0.4361	     0
2.0052	   541	0.4378	     0
2.0137	   519	0.4395	     0
2.0222	   525	0.4411	     0
2.0307	   541	0.4428	     1
2.0392	   562	0.4444	     0
2.0477	   544	0.4461	     0
2.0562	   555	0.4478	     0
2.0646	   558	0.4494	     0
2.0731	   541	0.4511	     0
2.0816	   512	0.4527	     0
2.0901	   554	0.4544	     0
2.0986	   514	0.4561	     0
2.1071	   547	0.4577	     0
2.1156	   536	0.4594	     0
2.1241	   510	0.4610	     2
2.1326	   548	0.4627	     2
2.1411	   545	0.4644	     1
2.1496	   503	0.4660	     0
2.1581	   537	0.4677	     1
2.1666	   513	0.4693	     0
2.1751	   567	0.4710	     0
2.1836	   542	0.4727	     1
2.1921	   543	0.4743	     0
2.2006	   570	0.4760	     1
2.2091	   539	0.4776	     0
2.2176	   528	0.4793	     0
2.2261	   512	0.4810	     0
2.2346	   544	0.4826	     1
2.2431	   548	0.4843	     1
2.2516	   574	0.4859	     0
2.2601	   546	0.4876	     0
2.2686	   492	0.4893	     0
2.2771	   519	0.4909	     0
2.2855	   516	0.4926	     0
2.2940	   512	0.4942	     1
2.3025	   553	0.4959	     0
2.3110	   500	0.4976	     2
2.3195	   555	0.4992	     1
2.3280	   518	0.5009	     1
2.3365	   547	0.5025	     0
2.3450	   479	0.5042	     0
2.3535	   513	0.5059	     1
2.3620	   544	0.5075	     0
2.3705	   506	0.5092	     0
2.3790	   533	0.5108	     0
2.3875	   567	0.5125	     0
2.3960	   513	0.5142	     0
2.4045	   519	0.5158	     0
2.4130	   505	0.5175	     0
2.4215	   467	0.5191	     0
2.4300	   518	0.5208	     0
2.4385	   483	0.5225	     0
2.4470	   534	0.5241	     0
2.4555	   517	0.5258	     0
2.4640	   537	0.5274	     0
2.4725	   524	0.5291	     0
2.4810	   560	0.5308	     0
2.4895	   544	0.5324	     1
2.4979	   533	0.5341	     1
2.5064	   515	0.5357	     1
2.5149	   494	0.5374	     0
2.5234	   485	0.5391	     0
2.5319	   475	0.5407	     0
2.5404	   521	0.5424	     0
2.5489	   500	0.5440	     0
2.5574	   545	0.5457	     0
2.5659	   519	0.5474	     0
2.5744	   549	0.5490	     0
2.5829	   563	0.5507	     0
2.5914	   527	0.5523	     0
2.5999	   548	0.5540	     0
2.6084	   558	0.5557	     0
2.6169	   572	0.5573	     0
2.6254	   551	0.5590	     1
2.6339	   553	0.5606	     0
2.6424	   515	0.5623	     0
2.6509	   531	0.5640	     0
2.6594	   521	0.5656	     0
2.6679	   496	0.5673	     0
2.6764	   520	0.5689	     0
2.6849	   532	0.5706	     0
2.6934	   542	0.5723	     0
2.7019	   535	0.5739	     1
2.7104	   530	0.5756	     0
2.7188	   532	0.5772	     0
2.7273	   537	0.5789	     0
2.7358	   514	0.5806	     0
2.7443	   560	0.5822	     0
2.7528	   522	0.5839	     0
2.7613	   529	0.5855	     1
2.7698	   537	0.5872	     0
2.7783	   524	0.5889	     0
2.7868	   535	0.5905	     0
2.7953	   538	0.5922	     1
2.8038	   546	0.5938	     0
2.8123	   612	0.5955	     0
2.8208	   566	0.5972	     0
2.8293	   538	0.5988	     0
2.8378	   526	0.6005	     0
2.8463	   495	0.6021	     0
2.8548	   483	0.6038	     0
2.8633	   542	0.6055	     0
2.8718	   491	0.6071	     0
2.8803	   547	0.6088	     1
2.8888	   536	0.6104	     0
2.8973	   519	0.6121	     0
2.9058	   542	0.6138	     1
2.9143	   510	0.6154	     2
2.9228	   525	0.6171	     0
2.9312	   575	0.6187	     1
2.9397	   539	0.6204	     0
2.9482	   551	0.6221	     1
2.9567	   554	0.6237	     0
2.9652	   499	0.6254	     1
2.9737	   538	0.6271	     0
2.9822	   579	0.6287	     0
2.9907	   506	0.6304	     0
2.9992	   539	0.6320	     0
3.0077	   530	0.6337	     0
3.0162	   554	0.6354	     0
3.0247	   533	0.6370	     1
3.0332	   549	0.6387	     0
3.0417	   523	0.6403	     1
3.0502	   523	0.6420	     0
3.0587	   511	0.6437	     0
3.0672	   560	0.6453	     0
3.0757	   553	0.6470	     0
3.0842	   517	0.6486	     0
3.0927	   517	0.6503	     0
3.1012	   554	0.6520	     2
3.1097	   578	0.6536	     0
3.1182	   538	0.6553	     0
3.1267	   558	0.6569	     0
3.1352	   562	0.6586	     0
3.1437	   533	0.6603	     0
3.1521	   558	0.6619	     0
3.1606	   541	0.6636	     0
3.1691	   568	0.6652	     0
3.1776	   553	0.6669	     0
3.1861	   552	0.6686	     0
3.1946	   548	0.6702	     0
3.2031	   534	0.6719	     0
3.2116	   591	0.6735	     0
3.2201	   535	0.6752	     1
3.2286	   548	0.6769	     0
3.2371	   563	0.6785	     0
3.2456	   547	0.6802	     0
3.2541	   565	0.6818	     0
3.2626	   541	0.6835	     0
3.2711	   581	0.6852	     0
3.2796	   574	0.6868	     0
3.2881	   540	0.6885	     0
3.2966	   547	0.6901	     1
3.3051	   602	0.6918	     0
3.3136	   534	0.6935	     0
3.3221	   592	0.6951	     0
3.3306	   571	0.6968	     0
3.3391	   559	0.6984	     0
3.3476	   571	0.7001	     0
3.3561	   547	0.7018	     2
3.3646	   575	0.7034	     0
3.3730	   539	0.7051	     0
3.3815	   557	0.7067	     1
3.3900	   569	0.7084	     0
3.3985	   597	0.7101	     0
3.4070	   565	0.7117	     0
3.4155	   574	0.7134	     0
3.4240	   558	0.7150	     0
3.4325	   617	0.7167	     0
3.4410	   565	0.7184	     0
3.4495	   613	0.7200	     0
3.4580	   621	0.7217	     0
3.4665	   576	0.7233	     0
3.4750	   625	0.7250	     0
3.4835	   575	0.7267	     0
3.4920	   586	0.7283	     0
3.5005	   576	0.7300	     0
3.5090	   562	0.7316	     0
3.5175	   581	0.7333	     0
3.5260	   580	0.7350	     0
3.5345	   545	0.7366	     0
3.5430	   588	0.7383	     0
3.5515	   595	0.7399	     0
3.5600	   591	0.7416	     0
3.5685	   640	0.7433	     0
3.5770	   611	0.7449	     0
3.5854	   568	0.7466	     0
3.5939	   585	0.7482	     0
3.6024	   549	0.7499	     0
3.6109	   581	0.7516	     0
3.6194	   634	0.7532	     0
3.6279	   595	0.7549	     1
3.6364	   600	0.7565	     0
3.6449	   571	0.7582	     0
3.6534	   592	0.7599	     0
3.6619	   626	0.7615	     0
3.6704	   615	0.7632	     0
3.6789	   592	0.7648	     0
3.6874	   597	0.7665	     0
3.6959	   559	0.7682	     0
3.7044	   594	0.7698	     0
3.7129	   598	0.7715	     0
3.7214	   550	0.7731	     0
3.7299	   584	0.7748	     1
3.7384	   579	0.7765	     0
3.7469	   654	0.7781	     0
3.7554	   634	0.7798	     0
3.7639	   646	0.7814	     0
3.7724	   599	0.7831	     1
3.7809	   628	0.7848	     0
3.7894	   614	0.7864	     0
3.7979	   582	0.7881	     0
3.8063	   656	0.7897	     1
3.8148	   612	0.7914	     1
3.8233	   598	0.7931	     0
3.8318	   659	0.7947	     0
3.8403	   630	0.7964	     1
3.8488	   644	0.7980	     0
3.8573	   640	0.7997	     0
3.8658	   656	0.8014	     0
3.8743	   637	0.8030	     0
3.8828	   617	0.8047	     0
3.8913	   634	0.8063	     0
3.8998	   634	0.8080	     0
3.9083	   650	0.8097	     0
3.9168	   644	0.8113	     0
3.9253	   597	0.8130	     1
3.9338	   633	0.8146	     1
3.9423	   652	0.8163	     0
3.9508	   628	0.8180	     0
3.9593	   638	0.8196	     0
3.9678	   623	0.8213	     0
3.9763	   662	0.8229	     0
3.9848	   718	0.8246	     0
3.9933	   622	0.8263	     0
4.0018	   621	0.8279	     0
4.0103	   640	0.8296	     0
4.0187	   630	0.8313	     0
4.0272	   640	0.8329	     0
4.0357	   616	0.8346	     0
4.0442	   661	0.8362	     0
4.0527	   635	0.8379	     0
4.0612	   652	0.8396	     0
4.0697	   637	0.8412	     0
4.0782	   654	0.8429	     0
4.0867	   691	0.8445	     0
4.0952	   689	0.8462	     0
4.1037	   640	0.8479	     0
4.1122	   661	0.8495	     0
4.1207	   684	0.8512	     0
4.1292	   701	0.8528	     0
4.1377	   722	0.8545	     0
4.1462	   689	0.8562	     0
4.1547	   711	0.8578	     0
4.1632	   665	0.8595	     0
4.1717	   705	0.8611	     0
4.1802	   715	0.8628	     0
4.1887	   682	0.8645	     0
4.1972	   691	0.8661	     0
4.2057	   689	0.8678	     0
4.2142	   689	0.8694	     0
4.2227	   697	0.8711	     0
4.2312	   719	0.8728	     0
4.2396	   664	0.8744	     0
4.2481	   746	0.8761	     0
4.2566	   686	0.8777	     0
4.2651	   691	0.8794	     0
4.2736	   707	0.8811	     0
4.2821	   732	0.8827	     0
4.2906	   695	0.8844	     0
4.2991	   733	0.8860	     0
4.3076	   736	0.8877	     0
4.3161	   683	0.8894	     0
4.3246	   695	0.8910	     0
4.3331	   721	0.8927	     0
4.3416	   710	0.8943	     0
4.3501	   704	0.8960	     0
4.3586	   757	0.8977	     0
4.3671	   742	0.8993	     1
4.3756	   774	0.9010	     0
4.3841	   759	0.9026	     0
4.3926	   754	0.9043	     0
4.4011	   714	0.9060	     0
4.4096	   767	0.9076	     0
4.4181	   756	0.9093	     0
4.4266	   795	0.9109	     0
4.4351	   790	0.9126	     0
4.4436	   807	0.9143	     0
4.4521	   734	0.9159	     0
4.4605	   836	0.9176	     0
4.4690	   825	0.9192	     0
4.4775	   774	0.9209	     0
4.4860	   831	0.9226	     0
4.4945	   829	0.9242	     1
4.5030	   803	0.9259	     0
4.5115	   876	0.9275	     0
4.5200	   759	0.9292	     0
4.5285	   800	0.9309	     1
4.5370	   830	0.9325	     0
4.5455	   791	0.9342	     0
4.5540	   816	0.9358	     0
4.5625	   801	0.9375	     0
4.5710	   795	0.9392	     0
4.5795	   776	0.9408	     0
4.5880	   849	0.9425	     0
4.5965	   804	0.9441	     0
4.6050	   779	0.9458	     0
4.6135	   823	0.9475	     0
4.6220	   792	0.9491	     0
4.6305	   820	0.9508	     0
4.6390	   855	0.9524	     0
4.6475	   816	0.9541	     0
4.6560	   830	0.9558	     0
4.6645	   852	0.9574	     0
4.6729	   821	0.9591	     0
4.6814	   828	0.9607	     0
4.6899	   869	0.9624	     0
4.6984	   854	0.9641	     0
4.7069	   839	0.9657	     0
4.7154	   837	0.9674	     0
4.7239	   863	0.9690	     1
4.7324	   840	0.9707	     0
4.7409	   830	0.9724	     0
4.7494	   853	0.9740	     1
4.7579	   854	0.9757	     1
4.7664	   858	0.9773	     0
4.7749	   845	0.9790	     0
4.7834	   814	0.9807	     1
4.7919	   802	0.9823	     0
4.8004	   772	0.9840	     0
4.8089	   814	0.9856	     0
4.8174	   792	0.9873	     0
4.8259	   805	0.9890	     0
4.8344	   783	0.9906	     0
4.8429	   787	0.9923	     0
4.8514	   811	0.9939	     1
4.8599	   770	0.9956	     0
4.8684	   839	0.9973	     0
4.8769	   768	0.9989	     0
4.8854	   688	1.0006	     0
4.8938	   762	1.0022	     0
4.9023	   748	1.0039	     0
4.9108	   730	1.0056	     0
4.9193	   792	1.0072	     0
4.9278	   752	1.0089	     0
4.9363	   735	1.0105	     0
4.9448	   724	1.0122	     0
4.9533	   689	1.0139	     1
4.9618	   783	1.0155	     0
4.9703	   702	1.0172	     0
4.9788	   800	1.0188	     0
4.9873	   778	1.0205	     0
4.9958	   798	1.0222	     1
5.0043	   733	1.0238	     1
5.0128	   739	1.0255	     0
5.0213	   709	1.0271	     1
5.0298	   750	1.0288	     0
5.0383	   754	1.0305	     0
5.0468	   708	1.0321	     0
5.0553	   788	1.0338	     0
5.0638	   732	1.0354	     0
5.0723	   709	1.0371	     0
5.0808	   743	1.0388	     0
5.0893	   706	1.0404	     0
5.0978	   759	1.0421	     0
5.1062	   771	1.0438	     0
5.1147	   761	1.0454	     0
5.1232	   776	1.0471	     0
5.1317	   761	1.0487	     1
5.1402	   775	1.0504	     0
5.1487	   761	1.0521	     0
5.1572	   768	1.0537	     1
5.1657	   801	1.0554	     0
5.1742	   753	1.0570	     0
5.1827	   762	1.0587	     0
5.1912	   789	1.0604	     0
5.1997	   754	1.0620	     0
5.2082	   729	1.0637	     0
5.2167	   759	1.0653	     0
5.2252	   782	1.0670	     0
5.2337	   781	1.0687	     0
5.2422	   717	1.0703	     0
5.2507	   744	1.0720	     1
5.2592	   744	1.0736	     0
5.2677	   760	1.0753	     0
5.2762	   747	1.0770	     0
5.2847	   801	1.0786	     0
5.2932	   755	1.0803	     0
5.3017	   781	1.0819	     0
5.3102	   751	1.0836	     0
5.3187	   777	1.0853	     0
5.3271	   727	1.0869	     0
5.3356	   720	1.0886	     0
5.3441	   717	1.0902	     0
5.3526	   697	1.0919	     0
5.3611	   717	1.0936	     0
5.3696	   692	1.0952	     0
5.3781	   732	1.0969	     0
5.3866	   682	1.0985	     0
5.3951	   693	1.1002	     0
5.4036	   718	1.1019	     0
5.4121	   700	1.1035	     0
5.4206	   772	1.1052	     0
5.4291	   699	1.1068	     0
5.4376	   736	1.1085	     0
5.4461	   764	1.1102	     0
5.4546	   845	1.1118	     0
5.4631	   827	1.1135	     0
5.4716	   882	1.1151	     0
5.4801	   925	1.1168	     0
5.4886	  1063	1.1185	     0
5.4971	  1044	1.1201	     0
5.5056	  1167	1.1218	     0
5.5141	  1300	1.1234	     0
5.5226	  1395	1.1251	     0
5.5311	  1543	1.1268	     1
5.5396	  1677	1.1284	     0
5.5480	  1821	1.1301	     0
5.5565	  2009	1.1317	     0
5.5650	  2165	1.1334	     0
5.5735	  2420	1.1351	     0
5.5820	  2477	1.1367	     0
5.5905	  2645	1.1384	     0
5.5990	  2891	1.1400	     0
5.6075	  3084	1.1417	     0
5.6160	  3221	1.1434	     0
5.6245	  3296	1.1450	     0
5.6330	  3487	1.1467	     0
5.6415	  3537	1.1483	     0
5.6500	  3568	1.1500	     0
5.6585	  3567	1.1517	     0
5.6670	  3616	1.1533	     0
5.6755	  3513	1.1550	     0
5.6840	  3537	1.1566	     0
5.6925	  3360	1.1583	     0
5.7010	  3261	1.1600	     1
5.7095	  3081	1.1616	     0
5.7180	  3000	1.1633	     0
5.7265	  2806	1.1649	     0
5.7350	  2535	1.1666	     1
5.7435	  2432	1.1683	     0
5.7520	  2157	1.1699	     0
5.7604	  1970	1.1716	     0
5.7689	  1762	1.1732	     0
5.7774	  1545	1.1749	     0
5.7859	  1307	1.1766	     0
5.7944	  1193	1.1782	     0
5.8029	  1066	1.1799	     0
5.8114	   898	1.1815	     0
5.8199	   752	1.1832	     0
5.8284	   696	1.1849	     0
5.8369	   581	1.1865	     0
5.8454	   568	1.1882	     0
5.8539	   530	1.1898	     0
5.8624	   528	1.1915	     0
5.8709	   532	1.1932	     0
5.8794	   574	1.1948	     0
5.8879	   600	1.1965	     0
5.8964	   673	1.1981	     0
5.9049	   732	1.1998	     0
5.9134	   915	1.2015	     0
5.9219	  1049	1.2031	     0
5.9304	  1167	1.2048	     0
5.9389	  1427	1.2064	     0
5.9474	  1700	1.2081	     0
5.9559	  2053	1.2098	     1
5.9644	  2287	1.2114	     0
5.9729	  2635	1.2131	     0
5.9813	  3130	1.2147	     0
5.9898	  3520	1.2164	     0
5.9983	  3807	1.2181	     0
6.0068	  4223	1.2197	     0
6.0153	  4601	1.2214	     0
6.0238	  4873	1.2230	     0
6.0323	  4880	1.2247	     0
6.0408	  5168	1.2264	     0
6.0493	  4880	1.2280	     0
6.0578	  4609	1.2297	     0
6.0663	  4344	1.2313	     0
6.0748	  4019	1.2330	     0
6.0833	  3525	1.2347	     0
6.0918	  2759	1.2363	     0
6.1003	  2335	1.2380	     0
6.1088	  1870	1.2396	     0
6.1173	  1407	1.2413	     0
6.1258	   970	1.2430	     0
6.1343	   740	1.2446	     0
6.1428	   479	1.2463	     0
6.1513	   359	1.2479	     0
6.1598	   240	1.2496	     0
6.1683	   197	1.2513	     0
6.1768	   166	1.2529	     0
6.1853	   121	1.2546	     0
6.1937	   138	1.2562	     0
6.2022	   137	1.2579	     0
6.2107	   116	1.2596	     1
6.2192	    90	1.2612	     1
6.2277	    78	1.2629	     0
6.2362	    57	1.2646	     0
6.2447	    60	1.2662	     0
6.2532	    50	1.2679	     0
6.2617	    39	1.2695	     0
6.2702	    39	1.2712	     0
6.2787	    38	1.2729	     0
6.2872	    47	1.2745	     0
6.2957	    53	1.2762	     0
6.3042	    41	1.2778	     1
6.3127	    45	1.2795	     0
6.3212	    46	1.2812	     0
6.3297	    47	1.2828	     0
6.3382	    40	1.2845	     0
6.3467	    42	1.2861	     0
6.3552	    39	1.2878	     0
6.3637	    49	1.2895	     0
6.3722	    45	1.2911	     0
6.3807	    43	1.2928	     0
6.3892	    34	1.2944	     0
6.3977	    41	1.2961	     1
6.4062	    37	1.2978	     0
6.4146	    34	1.2994	     0
6.4231	    27	1.3011	     0
6.4316	    22	1.3027	     0
6.4401	    30	1.3044	     0
6.4486	    22	1.3061	     0
6.4571	    23	1.3077	     0
6.4656	    18	1.3094	     0
6.4741	    10	1.3110	     0
6.4826	     8	1.3127	     0
6.4911	    23	1.3144	     0
6.4996	    10	1.3160	     1
6.5081	     5	1.3177	     1
6.5166	    10	1.3193	     0
6.5251	     6	1.3210	     0
6.5336	    13	1.3227	     0
6.5421	     7	1.3243	     0
6.5506	     9	1.3260	     0
6.5591	     7	1.3276	     0
6.5676	     8	1.3293	     0
6.5761	     6	1.3310	     0
6.5846	     4	1.3326	     0
6.5931	    12	1.3343	     0
6.6016	     7	1.3359	     0
6.6101	     3	1.3376	     0
6.6186	     5	1.3393	     0
6.6271	     6	1.3409	     0
6.6355	     7	1.3426	     0
6.6440	     8	1.3442	     0
6.6525	     9	1.3459	     0
6.6610	     7	1.3476	     0
6.6695	     5	1.3492	     0
6.6780	    11	1.3509	     0
6.6865	     8	1.3525	     0
6.6950	     8	1.3542	     0
6.7035	     7	1.3559	     0
6.7120	     1	1.3575	     0
6.7205	     3	1.3592	     0
6.7290	    13	1.3608	     0
6.7375	     9	1.3625	     0
6.7460	     3	1.3642	     0
6.7545	     5	1.3658	     0
6.7630	     4	1.3675	     1
6.7715	     8	1.3691	     0
6.7800	     2	1.3708	     0
6.7885	     7	1.3725	     0
6.7970	     0	1.3741	     1
6.8055	     8	1.3758	     0
6.8140	     7	1.3774	     0
6.8225	     3	1.3791	     0
6.8310	     6	1.3808	     0
6.8395	     1	1.3824	     0
6.8479	     7	1.3841	     0
6.8564	     3	1.3857	     0
6.8649	     4	1.3874	     0
6.8734	     6	1.3891	     0
6.8819	     3	1.3907	     0
6.8904	     8	1.3924	     0
6.8989	     3	1.3940	     0
6.9074	     1	1.3957	     0
6.9159	     6	1.3974	     0
6.9244	     3	1.3990	     1
6.9329	     7	1.4007	     0
6.9414	     6	1.4023	     0
6.9499	     5	1.4040	     0
6.9584	     3	1.4057	     0
6.9669	     0	1.4073	     0
6.9754	     4	1.4090	     0
6.9839	     3	1.4106	     0
6.9924	     0	1.4123	     0
7.0009	     1	1.4140	     0
7.0094	     2	1.4156	     0
7.0179	     3	1.4173	     0
7.0264	     4	1.4189	     0
7.0349	     1	1.4206	     0
7.0434	     1	1.4223	     0
7.0519	     1	1.4239	     0
7.0604	     0	1.4256	     0
7.0688	     1	1.4272	     0
7.0773	     2	1.4289	     0
7.0858	     1	1.4306	     0
7.0943	     6	1.4322	     0
7.1028	     4	1.4339	     0
7.1113	     4	1.4355	     0
7.1198	     0	1.4372	     0
7.1283	     2	1.4389	     2
7.1368	     1	1.4405	     0
7.1453	     4	1.4422	     0
7.1538	     2	1.4438	     0
7.1623	     2	1.4455	     0
7.1708	     0	1.4472	     0
7.1793	     1	1.4488	     1
7.1878	     2	1.4505	     0
7.1963	     5	1.4521	     0
7.2048	     2	1.4538	     0
7.2133	     2	1.4555	     0
7.2218	     2	1.4571	     0
7.2303	     2	1.4588	     0
7.2388	     2	1.4604	     0
7.2473	     0	1.4621	     0
7.2558	     0	1.4638	     0
7.2643	     5	1.4654	     0
7.2728	     1	1.4671	     1
7.2812	     3	1.4688	     0
7.2897	     3	1.4704	     0
7.2982	     1	1.4721	     0
7.3067	     3	1.4737	     1
7.3152	     1	1.4754	     0
7.3237	     2	1.4771	     0
7.3322	     1	1.4787	     0
7.3407	     3	1.4804	     0
7.3492	     5	1.4820	     0
7.3577	     0	1.4837	     1
7.3662	     5	1.4854	     0
7.3747	     4	1.4870	     0
7.3832	     4	1.4887	     0
7.3917	     1	1.4903	     0
7.4002	     1	1.4920	     0
7.4087	     3	1.4937	     0
7.4172	     4	1.4953	     0
7.4257	     1	1.4970	     0
7.4342	     4	1.4986	     0
7.4427	     6	1.5003	     0
7.4512	     2	1.5020	     0
7.4597	     1	1.5036	     1
7.4682	     2	1.5053	     0
7.4767	     1	1.5069	     1
7.4852	     1	1.5086	     1
7.4937	     3	1.5103	     0
7.5021	     5	1.5119	     0
7.5106	     1	1.5136	     0
7.5191	     3	1.5152	     0
7.5276	     0	1.5169	     1
7.5361	     2	1.5186	     0
7.5446	     0	1.5202	     0
7.5531	     0	1.5219	     0
7.5616	     4	1.5235	     0
7.5701	     1	1.5252	     0
7.5786	     2	1.5269	     0
7.5871	     1	1.5285	     0
7.5956	     4	1.5302	     0
7.6041	     2	1.5318	     0
7.6126	     1	1.5335	     0
7.6211	     3	1.5352	     0
7.6296	     2	1.5368	     0
7.6381	     3	1.5385	     0
7.6466	     1	1.5401	     0
7.6551	     3	1.5418	     0
7.6636	     3	1.5435	     0
7.6721	     1	1.5451	     0
7.6806	     1	1.5468	     0
7.6891	     1	1.5484	     0
7.6976	     3	1.5501	     0
7.7061	     3	1.5518	     1
7.7146	     7	1.5534	     0
7.7230	     5	1.5551	     0
7.7315	     2	1.5567	     0
7.7400	     4	1.5584	     0
7.7485	     3	1.5601	     0
7.7570	     3	1.5617	     0
7.7655	     3	1.5634	     0
7.7740	     4	1.5650	     0
7.7825	     4	1.5667	     0
7.7910	     6	1.5684	     0
7.7995	     3	1.5700	     0
7.8080	     3	1.5717	     0
7.8165	     5	1.5733	     0
7.8250	     1	1.5750	     0
7.8335	     4	1.5767	     0
7.8420	     1	1.5783	     0
7.8505	     2	1.5800	     0
7.8590	     4	1.5816	     0
7.8675	     7	1.5833	     0
7.8760	     3	1.5850	     0
7.8845	     5	1.5866	     0
7.8930	     2	1.5883	     1
7.9015	     8	1.5899	     0
7.9100	     4	1.5916	     0
7.9185	     5	1.5933	     0
7.9270	    11	1.5949	     0
7.9354	     5	1.5966	     0
7.9439	    11	1.5982	     0
7.9524	     8	1.5999	     0
7.9609	    20	1.6016	     0
7.9694	     7	1.6032	     0
7.9779	    14	1.6049	     0
7.9864	    10	1.6065	     0
7.9949	     8	1.6082	     0
8.0034	     6	1.6099	     0
8.0119	     6	1.6115	     0
8.0204	     6	1.6132	     0
8.0289	     8	1.6148	     0
8.0374	     2	1.6165	     0
8.0459	     3	1.6182	     0
8.0544	     6	1.6198	     0
8.0629	     2	1.6215	     0
8.0714	     3	1.6231	     0
8.0799	     2	1.6248	     0
8.0884	     4	1.6265	     0
8.0969	     1	1.6281	     0
8.1054	     3	1.6298	     1
8.1139	     3	1.6314	     0
8.1224	     2	1.6331	     0
8.1309	     0	1.6348	     0
8.1394	     0	1.6364	     0
8.1479	     2	1.6381	     0
8.1563	     1	1.6397	     0
8.1648	     0	1.6414	     0
8.1733	     0	1.6431	     0
8.1818	     0	1.6447	     0
8.1903	     0	1.6464	     0
8.1988	     1	1.6480	     0
8.2073	     0	1.6497	     0
8.2158	     0	1.6514	     0
8.2243	     0	1.6530	     0
8.2328	     1	1.6547	     1
8.2413	     0	1.6563	     0
8.2498	     0	1.6580	     0
8.2583	     0	1.6597	     1
8.2668	     0	1.6613	     1
8.2753	     0	1.6630	     0
8.2838	     0	1.6646	     0
8.2923	     1	1.6663	     0
8.3008	     0	1.6680	     0
8.3093	     0	1.6696	     0
8.3178	     0	1.6713	     0
8.3263	     1	1.6729	     0
8.3348	     0	1.6746	     0
8.3433	     0	1.6763	     0
8.3518	     0	1.6779	     1
8.3603	     1	1.6796	     0
8.3688	     1	1.6812	     0
8.3772	     1	1.6829	     0
8.3857	     0	1.6846	     0
8.3942	     0	1.6862	     0
8.4027	     0	1.6879	     0
8.4112	     0	1.6896	     0
8.4197	     0	1.6912	     0
8.4282	     0	1.6929	     0
8.4367	     0	1.6945	     0
8.4452	     0	1.6962	     0
8.4537	     0	1.6979	     0
8.4622	     0	1.6995	     1
8.4707	     1	1.7012	     0
8.4792	     0	1.7028	     0
8.4877	     0	1.7045	     0
8.4962	     0	1.7062	     0
8.5047	     0	1.7078	     0
8.5132	     0	1.7095	     0
8.5217	     0	1.7111	     0
8.5302	     0	1.7128	     0
8.5387	     0	1.7145	     1
8.5472	     0	1.7161	     0
8.5557	     1	1.7178	     0
8.5642	     0	1.7194	     0
8.5727	     0	1.7211	     0
8.5812	     0	1.7228	     0
8.5896	     0	1.7244	     0
8.5981	     0	1.7261	     0
8.6066	     0	1.7277	     0
8.6151	     0	1.7294	     0
8.6236	     0	1.7311	     0
8.6321	     0	1.7327	     0
8.6406	     0	1.7344	     0
8.6491	     0	1.7360	     0
8.6576	     0	1.7377	     0
8.6661	     0	1.7394	     0
8.6746	     0	1.7410	     0
8.6831	     0	1.7427	     0
8.6916	     0	1.7443	     0
8.7001	     0	1.7460	     0
8.7086	     0	1.7477	     1
8.7171	     1	1.7493	     0
8.7256	     0	1.7510	     0
8.7341	     0	1.7526	     0
8.7426	     0	1.7543	     0
8.7511	     0	1.7560	     0
8.7596	     0	1.7576	     1
8.7681	     0	1.7593	     0
8.7766	     0	1.7609	     0
8.7851	     0	1.7626	     0
8.7936	     0	1.7643	     0
8.8021	     0	1.7659	     0
8.8105	     0	1.7676	     0
8.8190	     0	1.7692	     0
8.8275	     0	1.7709	     1
8.8360	     0	1.7726	     0
8.8445	     0	1.7742	     0
8.8530	     0	1.7759	     0
8.8615	     0	1.7775	     0
8.8700	     0	1.7792	     0
8.8785	     0	1.7809	     0
8.8870	     0	1.7825	     0
8.8955	     0	1.7842	     0
8.9040	     0	1.7858	     0
8.9125	     0	1.7875	     0
8.9210	     0	1.7892	     0
8.9295	     0	1.7908	     0
8.9380	     0	1.7925	     0
8.9465	     0	1.7941	     0
8.9550	     0	1.7958	     0
8.9635	     0	1.7975	     0
8.9720	     0	1.7991	     0
8.9805	     0	1.8008	     0
8.9890	     0	1.8024	     0
8.9975	     0	1.8041	     0
9.0060	     0	1.8058	     0
9.0145	     0	1.8074	     0
9.0229	     0	1.8091	     0
9.0314	     0	1.8107	     0
9.0399	     0	1.8124	     0
9.0484	     0	1.8141	     0
9.0569	     0	1.8157	     0
9.0654	     0	1.8174	     0
9.0739	     0	1.8190	     0
9.0824	     0	1.8207	     0
9.0909	     0	1.8224	     1
9.0994	     0	1.8240	     0
9.1079	     0	1.8257	     0
9.1164	     0	1.8273	     0
9.1249	     0	1.8290	     0
9.1334	     0	1.8307	     0
9.1419	     0	1.8323	     0
9.1504	     0	1.8340	     0
9.1589	     0	1.8356	     0
9.1674	     0	1.8373	     0
9.1759	     0	1.8390	     0
9.1844	     0	1.8406	     0
9.1929	     0	1.8423	     0
9.2014	     0	1.8439	     0
9.2099	     0	1.8456	     1
9.2184	     0	1.8473	     0
9.2269	     0	1.8489	     0
9.2354	     0	1.8506	     0
9.2438	     0	1.8522	     0
9.2523	     0	1.8539	     0
9.2608	     0	1.8556	     0
9.2693	     0	1.8572	     0
9.2778	     0	1.8589	     1
9.2863	     0	1.8605	     0
9.2948	     0	1.8622	     0
9.3033	     0	1.8639	     0
9.3118	     0	1.8655	     0
9.3203	     0	1.8672	     0
9.3288	     0	1.8688	     0
9.3373	     0	1.8705	     0
9.3458	     0	1.8722	     0
9.3543	     0	1.8738	     0
9.3628	     0	1.8755	     0
9.3713	     0	1.8771	     0
9.3798	     0	1.8788	     0
9.3883	     0	1.8805	     0
9.3968	     0	1.8821	     0
9.4053	     0	1.8838	     0
9.4138	     0	1.8854	     0
9.4223	     0	1.8871	     0
9.4308	     0	1.8888	     1
9.4393	     0	1.8904	     0
9.4478	     0	1.8921	     0
9.4563	     0	1.8938	     0
9.4647	     0	1.8954	     0
9.4732	     0	1.8971	     0
9.4817	     0	1.8987	     0
9.4902	     0	1.9004	     0
9.4987	     0	1.9021	     0
9.5072	     0	1.9037	     0
9.5157	     0	1.9054	     0
9.5242	     0	1.9070	     0
9.5327	     0	1.9087	     1
9.5412	     0	1.9104	     0
9.5497	     0	1.9120	     0
9.5582	     0	1.9137	     0
9.5667	     0	1.9153	     0
9.5752	     0	1.9170	     1
9.5837	     0	1.9187	     0
9.5922	     0	1.9203	     0
9.6007	     0	1.9220	     0
9.6092	     0	1.9236	     0
9.6177	     0	1.9253	     0
9.6262	     0	1.9270	     0
9.6347	     0	1.9286	     1
9.6432	     0	1.9303	     0
9.6517	     0	1.9319	     0
9.6602	     0	1.9336	     0
9.6687	     0	1.9353	     0
9.6771	     0	1.9369	     1
9.6856	     0	1.9386	     0
9.6941	     0	1.9402	     0
9.7026	     0	1.9419	     0
9.7111	     0	1.9436	     0
9.7196	     0	1.9452	     0
9.7281	     0	1.9469	     0
9.7366	     0	1.9485	     0
9.7451	     0	1.9502	     1
9.7536	     0	1.9519	     0
9.7621	     0	1.9535	     0
9.7706	     0	1.9552	     1
9.7791	     0	1.9568	     0
9.7876	     0	1.9585	     0
9.7961	     0	1.9602	     0
9.8046	     0	1.9618	     0
9.8131	     0	1.9635	     0
9.8216	     0	1.9651	     0
9.8301	     0	1.9668	     0
9.8386	     0	1.9685	     0
9.8471	     0	1.9701	     0
9.8556	     0	1.9718	     1
9.8641	     0	1.9734	     0
9.8726	     0	1.9751	     0
9.8811	     0	1.9768	     1
9.8896	     0	1.9784	     0
9.8980	     0	1.9801	     0
9.9065	     0	1.9817	     0
9.9150	     0	1.9834	     0
9.9235	     0	1.9851	     0
9.9320	     0	1.9867	     0
9.9405	     0	1.9884	     0
9.9490	     0	1.9900	     0
9.9575	     0	1.9917	     0
9.9660	     0	1.9934	     0
9.9745	     0	1.9950	     0
9.9830	     0	1.9967	     0
9.9915	     0	1.9983	     0
