02/04/2016 13:56:09
LT: 199.75

0.3000	   141	0.3000	     0
0.3046	   132	0.3017	     0
0.3092	   141	0.3033	     0
0.3138	   149	0.3050	     0
0.3184	   156	0.3066	     0
0.3229	   153	0.3083	     0
0.3275	   160	0.3100	     0
0.3321	   160	0.3116	     0
0.3367	   160	0.3133	     0
0.3413	   178	0.3149	     0
0.3459	   152	0.3166	     0
0.3505	   173	0.3183	     0
0.3551	   190	0.3199	     0
0.3597	   188	0.3216	     0
0.3643	   177	0.3232	     0
0.3688	   227	0.3249	     0
0.3734	   190	0.3266	     0
0.3780	   234	0.3282	     0
0.3826	   199	0.3299	     0
0.3872	   214	0.3315	     0
0.3918	   255	0.3332	     0
0.3964	   213	0.3349	     0
0.4010	   249	0.3365	     0
0.4056	   238	0.3382	     0
0.4102	   257	0.3398	     0
0.4147	   271	0.3415	     0
0.4193	   262	0.3432	     0
0.4239	   248	0.3448	     0
0.4285	   228	0.3465	     0
0.4331	   246	0.3481	     0
0.4377	   200	0.3498	     0
0.4423	   240	0.3515	     0
0.4469	   234	0.3531	     0
0.4515	   248	0.3548	     0
0.4561	   203	0.3564	     0
0.4606	   203	0.3581	     0
0.4652	   217	0.3598	     0
0.4698	   232	0.3614	     1
0.4744	   243	0.3631	     0
0.4790	   223	0.3647	     0
0.4836	   233	0.3664	     0
0.4882	   216	0.3681	     0
0.4928	   207	0.3697	     0
0.4974	   220	0.3714	     0
0.5020	   220	0.3730	     1
0.5065	   238	0.3747	     0
0.5111	   220	0.3764	     0
0.5157	   230	0.3780	     0
0.5203	   222	0.3797	     0
0.5249	   207	0.3813	     0
0.5295	   255	0.3830	     0
0.5341	   213	0.3847	     0
0.5387	   209	0.3863	     0
0.5433	   246	0.3880	     0
0.5479	   240	0.3896	     0
0.5524	   240	0.3913	     0
0.5570	   215	0.3930	     0
0.5616	   230	0.3946	     0
0.5662	   244	0.3963	     0
0.5708	   203	0.3979	     0
0.5754	   241	0.3996	     0
0.5800	   234	0.4013	     0
0.5846	   226	0.4029	     0
0.5892	   230	0.4046	     0
0.5938	   216	0.4063	     0
0.5983	   227	0.4079	     0
0.6029	   226	0.4096	     0
0.6075	   193	0.4112	     0
0.6121	   209	0.4129	     0
0.6167	   205	0.4146	     0
0.6213	   219	0.4162	     0
0.6259	   230	0.4179	     0
0.6305	   226	0.4195	     1
0.6351	   197	0.4212	     0
0.6396	   226	0.4229	     0
0.6442	   222	0.4245	     1
0.6488	   220	0.4262	     0
0.6534	   240	0.4278	     0
0.6580	   218	0.4295	     0
0.6626	   237	0.4312	     0
0.6672	   214	0.4328	     0
0.6718	   192	0.4345	     0
0.6764	   201	0.4361	     0
0.6810	   199	0.4378	     0
0.6855	   198	0.4395	     0
0.6901	   225	0.4411	     0
0.6947	   213	0.4428	     0
0.6993	   230	0.4444	     0
0.7039	   193	0.4461	     0
0.7085	   206	0.4478	     0
0.7131	   209	0.4494	     0
0.7177	   214	0.4511	     0
0.7223	   202	0.4527	     0
0.7269	   208	0.4544	     0
0.7314	   208	0.4561	     0
0.7360	   208	0.4577	     0
0.7406	   220	0.4594	     0
0.7452	   188	0.4610	     0
0.7498	   174	0.4627	     0
0.7544	   184	0.4644	     0
0.7590	   214	0.4660	     0
0.7636	   180	0.4677	     0
0.7682	   205	0.4693	     0
0.7728	   211	0.4710	     0
0.7773	   200	0.4727	     0
0.7819	   162	0.4743	     0
0.7865	   192	0.4760	     0
0.7911	   176	0.4776	     0
0.7957	   200	0.4793	     0
0.8003	   214	0.4810	     0
0.8049	   192	0.4826	     1
0.8095	   185	0.4843	     0
0.8141	   179	0.4859	     0
0.8187	   199	0.4876	     0
0.8232	   176	0.4893	     0
0.8278	   176	0.4909	     0
0.8324	   201	0.4926	     0
0.8370	   174	0.4942	     0
0.8416	   159	0.4959	     0
0.8462	   178	0.4976	     0
0.8508	   193	0.4992	     0
0.8554	   187	0.5009	     0
0.8600	   166	0.5025	     0
0.8646	   184	0.5042	     0
0.8691	   166	0.5059	     0
0.8737	   187	0.5075	     0
0.8783	   195	0.5092	     0
0.8829	   183	0.5108	     0
0.8875	   192	0.5125	     0
0.8921	   177	0.5142	     0
0.8967	   202	0.5158	     0
0.9013	   171	0.5175	     0
0.9059	   194	0.5191	     0
0.9104	   178	0.5208	     0
0.9150	   195	0.5225	     1
0.9196	   208	0.5241	     0
0.9242	   179	0.5258	     0
0.9288	   162	0.5274	     0
0.9334	   158	0.5291	     0
0.9380	   172	0.5308	     0
0.9426	   157	0.5324	     0
0.9472	   177	0.5341	     0
0.9518	   193	0.5357	     0
0.9563	   156	0.5374	     0
0.9609	   190	0.5391	     0
0.9655	   172	0.5407	     0
0.9701	   173	0.5424	     0
0.9747	   138	0.5440	     0
0.9793	   179	0.5457	     0
0.9839	   137	0.5474	     0
0.9885	   156	0.5490	     0
0.9931	   167	0.5507	     0
0.9977	   162	0.5523	     0
1.0022	   155	0.5540	     0
1.0068	   155	0.5557	     0
1.0114	   153	0.5573	     0
1.0160	   138	0.5590	     0
1.0206	   159	0.5606	     0
1.0252	   153	0.5623	     0
1.0298	   140	0.5640	     0
1.0344	   148	0.5656	     0
1.0390	   146	0.5673	     0
1.0436	   145	0.5689	     0
1.0481	   137	0.5706	     0
1.0527	   153	0.5723	     0
1.0573	   154	0.5739	     0
1.0619	   128	0.5756	     0
1.0665	   140	0.5772	     0
1.0711	   146	0.5789	     0
1.0757	   114	0.5806	     0
1.0803	   143	0.5822	     0
1.0849	   120	0.5839	     0
1.0895	   136	0.5855	     0
1.0940	   136	0.5872	     1
1.0986	   136	0.5889	     0
1.1032	   111	0.5905	     0
1.1078	   127	0.5922	     0
1.1124	   130	0.5938	     0
1.1170	   119	0.5955	     0
1.1216	   134	0.5972	     0
1.1262	   125	0.5988	     0
1.1308	   147	0.6005	     0
1.1354	   137	0.6021	     0
1.1399	   132	0.6038	     0
1.1445	   118	0.6055	     0
1.1491	   127	0.6071	     0
1.1537	   145	0.6088	     0
1.1583	   129	0.6104	     0
1.1629	   154	0.6121	     1
1.1675	   109	0.6138	     0
1.1721	   121	0.6154	     0
1.1767	   115	0.6171	     0
1.1813	   128	0.6187	     0
1.1858	   119	0.6204	     1
1.1904	   128	0.6221	     0
1.1950	   126	0.6237	     0
1.1996	   109	0.6254	     0
1.2042	   109	0.6271	     0
1.2088	   102	0.6287	     0
1.2134	   114	0.6304	     0
1.2180	   117	0.6320	     0
1.2226	   138	0.6337	     0
1.2271	   114	0.6354	     0
1.2317	   128	0.6370	     0
1.2363	   108	0.6387	     0
1.2409	    99	0.6403	     0
1.2455	   104	0.6420	     0
1.2501	    75	0.6437	     0
1.2547	    89	0.6453	     0
1.2593	    83	0.6470	     0
1.2639	   113	0.6486	     0
1.2685	    99	0.6503	     0
1.2730	    99	0.6520	     0
1.2776	   119	0.6536	     0
1.2822	    96	0.6553	     1
1.2868	   100	0.6569	     0
1.2914	    89	0.6586	     0
1.2960	    85	0.6603	     0
1.3006	    91	0.6619	     0
1.3052	    87	0.6636	     0
1.3098	   106	0.6652	     0
1.3144	   105	0.6669	     0
1.3189	    94	0.6686	     0
1.3235	    97	0.6702	     0
1.3281	   118	0.6719	     0
1.3327	   100	0.6735	     0
1.3373	    96	0.6752	     0
1.3419	    90	0.6769	     0
1.3465	    84	0.6785	     1
1.3511	    90	0.6802	     0
1.3557	    86	0.6818	     0
1.3603	   100	0.6835	     0
1.3648	    80	0.6852	     0
1.3694	   102	0.6868	     0
1.3740	    74	0.6885	     0
1.3786	    87	0.6901	     0
1.3832	    98	0.6918	     0
1.3878	    96	0.6935	     0
1.3924	    73	0.6951	     0
1.3970	    88	0.6968	     0
1.4016	    84	0.6984	     0
1.4062	    76	0.7001	     0
1.4107	    99	0.7018	     0
1.4153	    93	0.7034	     0
1.4199	    74	0.7051	     0
1.4245	    68	0.7067	     0
1.4291	   102	0.7084	     0
1.4337	   104	0.7101	     0
1.4383	    69	0.7117	     0
1.4429	    78	0.7134	     0
1.4475	    89	0.7150	     0
1.4521	    60	0.7167	     0
1.4566	    77	0.7184	     0
1.4612	    80	0.7200	     0
1.4658	    77	0.7217	     0
1.4704	    75	0.7233	     0
1.4750	    87	0.7250	     0
1.4796	    91	0.7267	     0
1.4842	    81	0.7283	     0
1.4888	    83	0.7300	     0
1.4934	    78	0.7316	     0
1.4979	    87	0.7333	     0
1.5025	   106	0.7350	     0
1.5071	    61	0.7366	     0
1.5117	    81	0.7383	     0
1.5163	    68	0.7399	     0
1.5209	    90	0.7416	     0
1.5255	    74	0.7433	     0
1.5301	    76	0.7449	     0
1.5347	    78	0.7466	     0
1.5393	    72	0.7482	     0
1.5438	    83	0.7499	     0
1.5484	    81	0.7516	     0
1.5530	    70	0.7532	     0
1.5576	    86	0.7549	     0
1.5622	    84	0.7565	     0
1.5668	    69	0.7582	     0
1.5714	    81	0.7599	     0
1.5760	    76	0.7615	     0
1.5806	    94	0.7632	     1
1.5852	    64	0.7648	     0
1.5897	    76	0.7665	     0
1.5943	    78	0.7682	     0
1.5989	    66	0.7698	     0
1.6035	    67	0.7715	     0
1.6081	    72	0.7731	     0
1.6127	    95	0.7748	     0
1.6173	    85	0.7765	     0
1.6219	    70	0.7781	     0
1.6265	    72	0.7798	     0
1.6311	    71	0.7814	     0
1.6356	    51	0.7831	     0
1.6402	    67	0.7848	     0
1.6448	    66	0.7864	     0
1.6494	    68	0.7881	     0
1.6540	    70	0.7897	     0
1.6586	    68	0.7914	     0
1.6632	    73	0.7931	     0
1.6678	    73	0.7947	     0
1.6724	    71	0.7964	     0
1.6770	    65	0.7980	     0
1.6815	    60	0.7997	     0
1.6861	    66	0.8014	     0
1.6907	    62	0.8030	     0
1.6953	    76	0.8047	     0
1.6999	    67	0.8063	     0
1.7045	    74	0.8080	     0
1.7091	    67	0.8097	     0
1.7137	    68	0.8113	     0
1.7183	    68	0.8130	     0
1.7229	    80	0.8146	     0
1.7274	    63	0.8163	     0
1.7320	    74	0.8180	     0
1.7366	    57	0.8196	     0
1.7412	    62	0.8213	     0
1.7458	    53	0.8229	     0
1.7504	    60	0.8246	     0
1.7550	    78	0.8263	     1
1.7596	    60	0.8279	     0
1.7642	    70	0.8296	     0
1.7688	    72	0.8313	     0
1.7733	    71	0.8329	     0
1.7779	    62	0.8346	     0
1.7825	    78	0.8362	     0
1.7871	    70	0.8379	     0
1.7917	    54	0.8396	     0
1.7963	    69	0.8412	     0
1.8009	    56	0.8429	     0
1.8055	    62	0.8445	     0
1.8101	    63	0.8462	     0
1.8146	    69	0.8479	     0
1.8192	    60	0.8495	     0
1.8238	    70	0.8512	     0
1.8284	    51	0.8528	     0
1.8330	    47	0.8545	     0
1.8376	    64	0.8562	     0
1.8422	    69	0.8578	     0
1.8468	    65	0.8595	     0
1.8514	    56	0.8611	     0
1.8560	    63	0.8628	     0
1.8605	    49	0.8645	     0
1.8651	    69	0.8661	     0
1.8697	    60	0.8678	     0
1.8743	    67	0.8694	     0
1.8789	    63	0.8711	     0
1.8835	    66	0.8728	     0
1.8881	    76	0.8744	     0
1.8927	    64	0.8761	     0
1.8973	    61	0.8777	     0
1.9019	    57	0.8794	     0
1.9064	    64	0.8811	     0
1.9110	    42	0.8827	     0
1.9156	    63	0.8844	     0
1.9202	    63	0.8860	     0
1.9248	    50	0.8877	     0
1.9294	    55	0.8894	     0
1.9340	    52	0.8910	     0
1.9386	    45	0.8927	     0
1.9432	    62	0.8943	     0
1.9478	    65	0.8960	     0
1.9523	    61	0.8977	     0
1.9569	    59	0.8993	     0
1.9615	    51	0.9010	     0
1.9661	    57	0.9026	     0
1.9707	    66	0.9043	     0
1.9753	    45	0.9060	     0
1.9799	    61	0.9076	     0
1.9845	    50	0.9093	     0
1.9891	    51	0.9109	     0
1.9937	    48	0.9126	     0
1.9982	    49	0.9143	     0
2.0028	    58	0.9159	     0
2.0074	    64	0.9176	     0
2.0120	    58	0.9192	     0
2.0166	    50	0.9209	     0
2.0212	    68	0.9226	     1
2.0258	    54	0.9242	     0
2.0304	    62	0.9259	     0
2.0350	    52	0.9275	     0
2.0396	    65	0.9292	     0
2.0441	    50	0.9309	     0
2.0487	    59	0.9325	     0
2.0533	    47	0.9342	     0
2.0579	    53	0.9358	     0
2.0625	    52	0.9375	     0
2.0671	    53	0.9392	     0
2.0717	    38	0.9408	     0
2.0763	    66	0.9425	     0
2.0809	    40	0.9441	     0
2.0854	    49	0.9458	     0
2.0900	    55	0.9475	     0
2.0946	    45	0.9491	     0
2.0992	    47	0.9508	     0
2.1038	    44	0.9524	     0
2.1084	    45	0.9541	     0
2.1130	    42	0.9558	     0
2.1176	    34	0.9574	     0
2.1222	    61	0.9591	     0
2.1268	    55	0.9607	     0
2.1313	    54	0.9624	     0
2.1359	    49	0.9641	     0
2.1405	    50	0.9657	     0
2.1451	    41	0.9674	     0
2.1497	    40	0.9690	     0
2.1543	    37	0.9707	     0
2.1589	    44	0.9724	     0
2.1635	    46	0.9740	     0
2.1681	    41	0.9757	     0
2.1727	    50	0.9773	     0
2.1772	    34	0.9790	     0
2.1818	    61	0.9807	     0
2.1864	    43	0.9823	     0
2.1910	    45	0.9840	     0
2.1956	    40	0.9856	     0
2.2002	    55	0.9873	     0
2.2048	    38	0.9890	     0
2.2094	    43	0.9906	     0
2.2140	    44	0.9923	     0
2.2186	    42	0.9939	     0
2.2231	    41	0.9956	     0
2.2277	    57	0.9973	     0
2.2323	    41	0.9989	     0
2.2369	    38	1.0006	     0
2.2415	    32	1.0022	     0
2.2461	    47	1.0039	     0
2.2507	    42	1.0056	     1
2.2553	    37	1.0072	     0
2.2599	    34	1.0089	     0
2.2645	    38	1.0105	     0
2.2690	    40	1.0122	     0
2.2736	    37	1.0139	     0
2.2782	    33	1.0155	     0
2.2828	    49	1.0172	     0
2.2874	    44	1.0188	     0
2.2920	    42	1.0205	     0
2.2966	    38	1.0222	     0
2.3012	    47	1.0238	     0
2.3058	    33	1.0255	     0
2.3104	    37	1.0271	     0
2.3149	    42	1.0288	     0
2.3195	    41	1.0305	     0
2.3241	    34	1.0321	     0
2.3287	    43	1.0338	     0
2.3333	    36	1.0354	     0
2.3379	    36	1.0371	     0
2.3425	    40	1.0388	     0
2.3471	    31	1.0404	     0
2.3517	    54	1.0421	     0
2.3562	    46	1.0438	     0
2.3608	    43	1.0454	     0
2.3654	    45	1.0471	     0
2.3700	    35	1.0487	     0
2.3746	    43	1.0504	     0
2.3792	    52	1.0521	     0
2.3838	    43	1.0537	     0
2.3884	    55	1.0554	     0
2.3930	    49	1.0570	     0
2.3976	    36	1.0587	     0
2.4021	    46	1.0604	     0
2.4067	    41	1.0620	     0
2.4113	    52	1.0637	     0
2.4159	    40	1.0653	     0
2.4205	    40	1.0670	     0
2.4251	    41	1.0687	     0
2.4297	    41	1.0703	     0
2.4343	    43	1.0720	     0
2.4389	    31	1.0736	     0
2.4435	    40	1.0753	     0
2.4480	    47	1.0770	     0
2.4526	    34	1.0786	     0
2.4572	    46	1.0803	     0
2.4618	    48	1.0819	     0
2.4664	    42	1.0836	     0
2.4710	    37	1.0853	     0
2.4756	    32	1.0869	     0
2.4802	    50	1.0886	     0
2.4848	    55	1.0902	     0
2.4894	    49	1.0919	     0
2.4939	    48	1.0936	     0
2.4985	    49	1.0952	     0
2.5031	    50	1.0969	     0
2.5077	    47	1.0985	     0
2.5123	    55	1.1002	     0
2.5169	    53	1.1019	     0
2.5215	    47	1.1035	     0
2.5261	    51	1.1052	     0
2.5307	    35	1.1068	     0
2.5353	    47	1.1085	     0
2.5398	    47	1.1102	     0
2.5444	    52	1.1118	     0
2.5490	    66	1.1135	     0
2.5536	    51	1.1151	     0
2.5582	    50	1.1168	     0
2.5628	    64	1.1185	     0
2.5674	    50	1.1201	     0
2.5720	    51	1.1218	     0
2.5766	    37	1.1234	     0
2.5812	    53	1.1251	     0
2.5857	    57	1.1268	     0
2.5903	    51	1.1284	     0
2.5949	    36	1.1301	     0
2.5995	    49	1.1317	     0
2.6041	    67	1.1334	     0
2.6087	    60	1.1351	     0
2.6133	    42	1.1367	     0
2.6179	    67	1.1384	     0
2.6225	    46	1.1400	     0
2.6271	    58	1.1417	     0
2.6316	    57	1.1434	     0
2.6362	    59	1.1450	     0
2.6408	    57	1.1467	     0
2.6454	    74	1.1483	     0
2.6500	    65	1.1500	     0
2.6546	    68	1.1517	     0
2.6592	    59	1.1533	     0
2.6638	    69	1.1550	     0
2.6684	    47	1.1566	     0
2.6729	    60	1.1583	     0
2.6775	    65	1.1600	     0
2.6821	    57	1.1616	     0
2.6867	    70	1.1633	     0
2.6913	    64	1.1649	     0
2.6959	    57	1.1666	     0
2.7005	    63	1.1683	     0
2.7051	    68	1.1699	     0
2.7097	    60	1.1716	     0
2.7143	    66	1.1732	     0
2.7188	    74	1.1749	     0
2.7234	    61	1.1766	     0
2.7280	    65	1.1782	     0
2.7326	    64	1.1799	     0
2.7372	    68	1.1815	     0
2.7418	    65	1.1832	     0
2.7464	    77	1.1849	     1
2.7510	    95	1.1865	     0
2.7556	    62	1.1882	     0
2.7602	    86	1.1898	     0
2.7647	    63	1.1915	     0
2.7693	    92	1.1932	     0
2.7739	    77	1.1948	     0
2.7785	    94	1.1965	     0
2.7831	    82	1.1981	     0
2.7877	    88	1.1998	     0
2.7923	    93	1.2015	     0
2.7969	   108	1.2031	     0
2.8015	   107	1.2048	     0
2.8061	    92	1.2064	     0
2.8106	   107	1.2081	     0
2.8152	   129	1.2098	     0
2.8198	   118	1.2114	     0
2.8244	   120	1.2131	     0
2.8290	   148	1.2147	     0
2.8336	   144	1.2164	     0
2.8382	   135	1.2181	     0
2.8428	   167	1.2197	     0
2.8474	   162	1.2214	     0
2.8520	   163	1.2230	     0
2.8565	   199	1.2247	     0
2.8611	   202	1.2264	     0
2.8657	   221	1.2280	     0
2.8703	   250	1.2297	     0
2.8749	   229	1.2313	     0
2.8795	   239	1.2330	     0
2.8841	   257	1.2347	     0
2.8887	   244	1.2363	     0
2.8933	   300	1.2380	     0
2.8979	   343	1.2396	     0
2.9024	   315	1.2413	     0
2.9070	   317	1.2430	     0
2.9116	   371	1.2446	     0
2.9162	   380	1.2463	     0
2.9208	   359	1.2479	     0
2.9254	   419	1.2496	     0
2.9300	   393	1.2513	     0
2.9346	   413	1.2529	     0
2.9392	   391	1.2546	     0
2.9438	   401	1.2562	     0
2.9483	   457	1.2579	     0
2.9529	   400	1.2596	     0
2.9575	   412	1.2612	     0
2.9621	   410	1.2629	     0
2.9667	   421	1.2646	     0
2.9713	   386	1.2662	     1
2.9759	   363	1.2679	     0
2.9805	   415	1.2695	     0
2.9851	   335	1.2712	     0
2.9896	   398	1.2729	     0
2.9942	   373	1.2745	     0
2.9988	   302	1.2762	     0
3.0034	   313	1.2778	     0
3.0080	   326	1.2795	     0
3.0126	   281	1.2812	     0
3.0172	   280	1.2828	     0
3.0218	   268	1.2845	     0
3.0264	   226	1.2861	     0
3.0310	   224	1.2878	     0
3.0355	   186	1.2895	     0
3.0401	   171	1.2911	     0
3.0447	   150	1.2928	     0
3.0493	   141	1.2944	     0
3.0539	   114	1.2961	     0
3.0585	   118	1.2978	     0
3.0631	    97	1.2994	     0
3.0677	   105	1.3011	     0
3.0723	    94	1.3027	     0
3.0769	    63	1.3044	     0
3.0814	    63	1.3061	     0
3.0860	    68	1.3077	     0
3.0906	    45	1.3094	     0
3.0952	    47	1.3110	     0
3.0998	    48	1.3127	     0
3.1044	    37	1.3144	     0
3.1090	    38	1.3160	     0
3.1136	    29	1.3177	     0
3.1182	    20	1.3193	     0
3.1228	    24	1.3210	     0
3.1273	    29	1.3227	     0
3.1319	    21	1.3243	     0
3.1365	    28	1.3260	     0
3.1411	    18	1.3276	     0
3.1457	    16	1.3293	     0
3.1503	    17	1.3310	     0
3.1549	    16	1.3326	     0
3.1595	    19	1.3343	     0
3.1641	    23	1.3359	     0
3.1687	    27	1.3376	     0
3.1732	    14	1.3393	     0
3.1778	    18	1.3409	     0
3.1824	    19	1.3426	     0
3.1870	    23	1.3442	     0
3.1916	    20	1.3459	     0
3.1962	    18	1.3476	     0
3.2008	    17	1.3492	     1
3.2054	    15	1.3509	     0
3.2100	    18	1.3525	     0
3.2146	    20	1.3542	     0
3.2191	    14	1.3559	     0
3.2237	    17	1.3575	     0
3.2283	    15	1.3592	     0
3.2329	    20	1.3608	     0
3.2375	    15	1.3625	     0
3.2421	    21	1.3642	     0
3.2467	    27	1.3658	     0
3.2513	    27	1.3675	     0
3.2559	    29	1.3691	     0
3.2604	    28	1.3708	     0
3.2650	    32	1.3725	     0
3.2696	    24	1.3741	     0
3.2742	    32	1.3758	     0
3.2788	    31	1.3774	     0
3.2834	    21	1.3791	     1
3.2880	    35	1.3808	     0
3.2926	    29	1.3824	     0
3.2972	    33	1.3841	     0
3.3018	    19	1.3857	     0
3.3063	    35	1.3874	     0
3.3109	    26	1.3891	     0
3.3155	    26	1.3907	     0
3.3201	    33	1.3924	     0
3.3247	    30	1.3940	     0
3.3293	    39	1.3957	     0
3.3339	    36	1.3974	     0
3.3385	    34	1.3990	     0
3.3431	    40	1.4007	     0
3.3477	    34	1.4023	     0
3.3522	    41	1.4040	     0
3.3568	    41	1.4057	     0
3.3614	    45	1.4073	     0
3.3660	    40	1.4090	     0
3.3706	    27	1.4106	     0
3.3752	    29	1.4123	     0
3.3798	    36	1.4140	     0
3.3844	    39	1.4156	     0
3.3890	    49	1.4173	     0
3.3936	    39	1.4189	     0
3.3981	    33	1.4206	     0
3.4027	    41	1.4223	     0
3.4073	    61	1.4239	     0
3.4119	    48	1.4256	     0
3.4165	    47	1.4272	     0
3.4211	    53	1.4289	     0
3.4257	    47	1.4306	     0
3.4303	    50	1.4322	     0
3.4349	    55	1.4339	     0
3.4395	    43	1.4355	     0
3.4440	    48	1.4372	     0
3.4486	    48	1.4389	     0
3.4532	    37	1.4405	     0
3.4578	    41	1.4422	     0
3.4624	    40	1.4438	     0
3.4670	    57	1.4455	     0
3.4716	    48	1.4472	     0
3.4762	    42	1.4488	     0
3.4808	    46	1.4505	     0
3.4854	    62	1.4521	     0
3.4899	    39	1.4538	     0
3.4945	    53	1.4555	     0
3.4991	    37	1.4571	     0
3.5037	    51	1.4588	     0
3.5083	    38	1.4604	     0
3.5129	    46	1.4621	     0
3.5175	    58	1.4638	     0
3.5221	    53	1.4654	     0
3.5267	    54	1.4671	     0
3.5313	    37	1.4688	     0
3.5358	    43	1.4704	     0
3.5404	    44	1.4721	     0
3.5450	    45	1.4737	     0
3.5496	    53	1.4754	     0
3.5542	    56	1.4771	     0
3.5588	    60	1.4787	     0
3.5634	    44	1.4804	     0
3.5680	    66	1.4820	     0
3.5726	    47	1.4837	     0
3.5771	    46	1.4854	     0
3.5817	    48	1.4870	     0
3.5863	    45	1.4887	     0
3.5909	    40	1.4903	     0
3.5955	    55	1.4920	     0
3.6001	    42	1.4937	     0
3.6047	    53	1.4953	     0
3.6093	    31	1.4970	     0
3.6139	    32	1.4986	     0
3.6185	    35	1.5003	     0
3.6230	    31	1.5020	     0
3.6276	    39	1.5036	     0
3.6322	    43	1.5053	     0
3.6368	    30	1.5069	     0
3.6414	    40	1.5086	     0
3.6460	    26	1.5103	     0
3.6506	    37	1.5119	     0
3.6552	    33	1.5136	     0
3.6598	    35	1.5152	     0
3.6644	    31	1.5169	     0
3.6689	    29	1.5186	     0
3.6735	    37	1.5202	     0
3.6781	    35	1.5219	     0
3.6827	    40	1.5235	     0
3.6873	    38	1.5252	     0
3.6919	    25	1.5269	     0
3.6965	    30	1.5285	     0
3.7011	    33	1.5302	     0
3.7057	    40	1.5318	     0
3.7103	    30	1.5335	     0
3.7148	    40	1.5352	     0
3.7194	    31	1.5368	     0
3.7240	    48	1.5385	     0
3.7286	    56	1.5401	     0
3.7332	    55	1.5418	     0
3.7378	    66	1.5435	     0
3.7424	    69	1.5451	     0
3.7470	    49	1.5468	     0
3.7516	    78	1.5484	     0
3.7562	    80	1.5501	     0
3.7607	    63	1.5518	     0
3.7653	    54	1.5534	     0
3.7699	    53	1.5551	     0
3.7745	    51	1.5567	     0
3.7791	    50	1.5584	     0
3.7837	    43	1.5601	     0
3.7883	    32	1.5617	     0
3.7929	    18	1.5634	     0
3.7975	    23	1.5650	     0
3.8021	    15	1.5667	     0
3.8066	    12	1.5684	     0
3.8112	    22	1.5700	     0
3.8158	    14	1.5717	     0
3.8204	    12	1.5733	     0
3.8250	    13	1.5750	     0
3.8296	    12	1.5767	     0
3.8342	    13	1.5783	     0
3.8388	    14	1.5800	     0
3.8434	    15	1.5816	     0
3.8479	    13	1.5833	     0
3.8525	    17	1.5850	     0
3.8571	    22	1.5866	     0
3.8617	    22	1.5883	     0
3.8663	    23	1.5899	     0
3.8709	    20	1.5916	     0
3.8755	    33	1.5933	     0
3.8801	    26	1.5949	     0
3.8847	    48	1.5966	     1
3.8893	    31	1.5982	     0
3.8938	    33	1.5999	     0
3.8984	    17	1.6016	     0
3.9030	    14	1.6032	     0
3.9076	    18	1.6049	     0
3.9122	    13	1.6065	     0
3.9168	     8	1.6082	     0
3.9214	     4	1.6099	     0
3.9260	     2	1.6115	     0
3.9306	     1	1.6132	     0
3.9352	     3	1.6148	     0
3.9397	     2	1.6165	     0
3.9443	     2	1.6182	     0
3.9489	     2	1.6198	     0
3.9535	     0	1.6215	     0
3.9581	     1	1.6231	     0
3.9627	     4	1.6248	     0
3.9673	     1	1.6265	     0
3.9719	     0	1.6281	     0
3.9765	     2	1.6298	     0
3.9811	     5	1.6314	     0
3.9856	     2	1.6331	     0
3.9902	     4	1.6348	     0
3.9948	     0	1.6364	     0
3.9994	     2	1.6381	     0
4.0040	     2	1.6397	     0
4.0086	     0	1.6414	     0
4.0132	     1	1.6431	     0
4.0178	     3	1.6447	     0
4.0224	     0	1.6464	     0
4.0270	     1	1.6480	     0
4.0315	     1	1.6497	     0
4.0361	     2	1.6514	     0
4.0407	     3	1.6530	     0
4.0453	     2	1.6547	     0
4.0499	     0	1.6563	     0
4.0545	     2	1.6580	     0
4.0591	     2	1.6597	     0
4.0637	     2	1.6613	     0
4.0683	     4	1.6630	     0
4.0729	     0	1.6646	     0
4.0774	     2	1.6663	     0
4.0820	     2	1.6680	     0
4.0866	     0	1.6696	     0
4.0912	     4	1.6713	     0
4.0958	     2	1.6729	     0
4.1004	     2	1.6746	     0
4.1050	     2	1.6763	     0
4.1096	     1	1.6779	     0
4.1142	     4	1.6796	     0
4.1188	     0	1.6812	     0
4.1233	     1	1.6829	     0
4.1279	     3	1.6846	     0
4.1325	     1	1.6862	     0
4.1371	     2	1.6879	     0
4.1417	     1	1.6896	     0
4.1463	     3	1.6912	     0
4.1509	     1	1.6929	     0
4.1555	     2	1.6945	     0
4.1601	     1	1.6962	     0
4.1646	     2	1.6979	     0
4.1692	     0	1.6995	     0
4.1738	     1	1.7012	     0
4.1784	     2	1.7028	     0
4.1830	     4	1.7045	     0
4.1876	     2	1.7062	     0
4.1922	     1	1.7078	     0
4.1968	     1	1.7095	     0
4.2014	     2	1.7111	     0
4.2060	     1	1.7128	     0
4.2105	     4	1.7145	     0
4.2151	    10	1.7161	     0
4.2197	     0	1.7178	     0
4.2243	     5	1.7194	     0
4.2289	     1	1.7211	     0
4.2335	     1	1.7228	     0
4.2381	     1	1.7244	     0
4.2427	     2	1.7261	     0
4.2473	     1	1.7277	     0
4.2519	     1	1.7294	     0
4.2564	     1	1.7311	     0
4.2610	     1	1.7327	     0
4.2656	     5	1.7344	     0
4.2702	     3	1.7360	     0
4.2748	     3	1.7377	     0
4.2794	     2	1.7394	     0
4.2840	     2	1.7410	     0
4.2886	     0	1.7427	     0
4.2932	     1	1.7443	     0
4.2978	     0	1.7460	     0
4.3023	     0	1.7477	     0
4.3069	     1	1.7493	     0
4.3115	     2	1.7510	     0
4.3161	     5	1.7526	     0
4.3207	     0	1.7543	     0
4.3253	     1	1.7560	     0
4.3299	     3	1.7576	     0
4.3345	     2	1.7593	     0
4.3391	     3	1.7609	     0
4.3437	     3	1.7626	     0
4.3482	     3	1.7643	     0
4.3528	     0	1.7659	     0
4.3574	     3	1.7676	     0
4.3620	     4	1.7692	     0
4.3666	     3	1.7709	     0
4.3712	     4	1.7726	     0
4.3758	     3	1.7742	     0
4.3804	     3	1.7759	     0
4.3850	     5	1.7775	     0
4.3896	     2	1.7792	     0
4.3941	     0	1.7809	     0
4.3987	     8	1.7825	     0
4.4033	     6	1.7842	     0
4.4079	     4	1.7858	     0
4.4125	     6	1.7875	     0
4.4171	     8	1.7892	     0
4.4217	    10	1.7908	     0
4.4263	     4	1.7925	     0
4.4309	     6	1.7941	     0
4.4354	     5	1.7958	     0
4.4400	     8	1.7975	     0
4.4446	     8	1.7991	     0
4.4492	     7	1.8008	     0
4.4538	     6	1.8024	     0
4.4584	     4	1.8041	     0
4.4630	     5	1.8058	     0
4.4676	     4	1.8074	     0
4.4722	     3	1.8091	     0
4.4768	     2	1.8107	     0
4.4813	     4	1.8124	     0
4.4859	     3	1.8141	     0
4.4905	     2	1.8157	     0
4.4951	     3	1.8174	     0
4.4997	     1	1.8190	     0
4.5043	     1	1.8207	     0
4.5089	     2	1.8224	     0
4.5135	     2	1.8240	     0
4.5181	     1	1.8257	     0
4.5227	     0	1.8273	     0
4.5272	     1	1.8290	     0
4.5318	     2	1.8307	     0
4.5364	     0	1.8323	     0
4.5410	     1	1.8340	     0
4.5456	     0	1.8356	     0
4.5502	     0	1.8373	     0
4.5548	     0	1.8390	     0
4.5594	     2	1.8406	     0
4.5640	     0	1.8423	     0
4.5686	     0	1.8439	     0
4.5731	     0	1.8456	     0
4.5777	     0	1.8473	     0
4.5823	     0	1.8489	     0
4.5869	     0	1.8506	     0
4.5915	     0	1.8522	     0
4.5961	     0	1.8539	     0
4.6007	     0	1.8556	     0
4.6053	     0	1.8572	     0
4.6099	     1	1.8589	     0
4.6145	     0	1.8605	     0
4.6190	     0	1.8622	     0
4.6236	     0	1.8639	     0
4.6282	     0	1.8655	     0
4.6328	     0	1.8672	     0
4.6374	     0	1.8688	     0
4.6420	     0	1.8705	     0
4.6466	     1	1.8722	     0
4.6512	     0	1.8738	     0
4.6558	     0	1.8755	     0
4.6604	     0	1.8771	     0
4.6649	     1	1.8788	     0
4.6695	     0	1.8805	     0
4.6741	     0	1.8821	     0
4.6787	     0	1.8838	     0
4.6833	     0	1.8854	     0
4.6879	     0	1.8871	     0
4.6925	     0	1.8888	     0
4.6971	     0	1.8904	     0
4.7017	     0	1.8921	     0
4.7062	     0	1.8938	     0
4.7108	     0	1.8954	     0
4.7154	     0	1.8971	     0
4.7200	     0	1.8987	     0
4.7246	     0	1.9004	     0
4.7292	     0	1.9021	     0
4.7338	     0	1.9037	     0
4.7384	     0	1.9054	     0
4.7430	     0	1.9070	     0
4.7476	     0	1.9087	     0
4.7521	     0	1.9104	     0
4.7567	     0	1.9120	     0
4.7613	     0	1.9137	     0
4.7659	     0	1.9153	     0
4.7705	     0	1.9170	     0
4.7751	     0	1.9187	     0
4.7797	     0	1.9203	     0
4.7843	     0	1.9220	     0
4.7889	     0	1.9236	     0
4.7935	     0	1.9253	     0
4.7980	     0	1.9270	     0
4.8026	     0	1.9286	     0
4.8072	     0	1.9303	     0
4.8118	     0	1.9319	     0
4.8164	     0	1.9336	     0
4.8210	     0	1.9353	     0
4.8256	     0	1.9369	     0
4.8302	     0	1.9386	     0
4.8348	     0	1.9402	     0
4.8394	     0	1.9419	     0
4.8439	     0	1.9436	     0
4.8485	     0	1.9452	     0
4.8531	     0	1.9469	     0
4.8577	     0	1.9485	     0
4.8623	     0	1.9502	     0
4.8669	     0	1.9519	     0
4.8715	     0	1.9535	     0
4.8761	     0	1.9552	     0
4.8807	     0	1.9568	     0
4.8853	     0	1.9585	     0
4.8898	     0	1.9602	     0
4.8944	     0	1.9618	     0
4.8990	     0	1.9635	     0
4.9036	     0	1.9651	     0
4.9082	     0	1.9668	     0
4.9128	     0	1.9685	     0
4.9174	     0	1.9701	     0
4.9220	     0	1.9718	     0
4.9266	     0	1.9734	     0
4.9312	     0	1.9751	     0
4.9357	     0	1.9768	     0
4.9403	     0	1.9784	     0
4.9449	     0	1.9801	     0
4.9495	     0	1.9817	     0
4.9541	     0	1.9834	     0
4.9587	     0	1.9851	     0
4.9633	     0	1.9867	     0
4.9679	     0	1.9884	     0
4.9725	     0	1.9900	     0
4.9771	     0	1.9917	     0
4.9816	     0	1.9934	     0
4.9862	     0	1.9950	     1
4.9908	     0	1.9967	     0
4.9954	     0	1.9983	     0
