02/04/2016 14:41:27
LT: 200.13

0.3000	   113	0.3000	     0
0.3046	   120	0.3017	     0
0.3092	   164	0.3033	     0
0.3138	   145	0.3050	     0
0.3184	   134	0.3066	     0
0.3229	   159	0.3083	     0
0.3275	   152	0.3100	     0
0.3321	   165	0.3116	     0
0.3367	   156	0.3133	     0
0.3413	   184	0.3149	     0
0.3459	   199	0.3166	     0
0.3505	   188	0.3183	     0
0.3551	   186	0.3199	     0
0.3597	   163	0.3216	     0
0.3643	   159	0.3232	     0
0.3688	   184	0.3249	     0
0.3734	   219	0.3266	     0
0.3780	   213	0.3282	     0
0.3826	   224	0.3299	     0
0.3872	   221	0.3315	     0
0.3918	   217	0.3332	     0
0.3964	   240	0.3349	     0
0.4010	   244	0.3365	     0
0.4056	   272	0.3382	     0
0.4102	   265	0.3398	     0
0.4147	   266	0.3415	     0
0.4193	   240	0.3432	     0
0.4239	   259	0.3448	     0
0.4285	   240	0.3465	     0
0.4331	   244	0.3481	     0
0.4377	   216	0.3498	     0
0.4423	   230	0.3515	     0
0.4469	   234	0.3531	     0
0.4515	   216	0.3548	     0
0.4561	   233	0.3564	     0
0.4606	   237	0.3581	     0
0.4652	   252	0.3598	     0
0.4698	   239	0.3614	     0
0.4744	   215	0.3631	     0
0.4790	   226	0.3647	     0
0.4836	   248	0.3664	     0
0.4882	   211	0.3681	     0
0.4928	   242	0.3697	     0
0.4974	   240	0.3714	     0
0.5020	   228	0.3730	     0
0.5065	   205	0.3747	     0
0.5111	   237	0.3764	     0
0.5157	   205	0.3780	     0
0.5203	   193	0.3797	     0
0.5249	   224	0.3813	     0
0.5295	   218	0.3830	     0
0.5341	   219	0.3847	     0
0.5387	   202	0.3863	     0
0.5433	   250	0.3880	     0
0.5479	   202	0.3896	     0
0.5524	   219	0.3913	     0
0.5570	   193	0.3930	     0
0.5616	   206	0.3946	     0
0.5662	   235	0.3963	     0
0.5708	   227	0.3979	     0
0.5754	   225	0.3996	     0
0.5800	   224	0.4013	     0
0.5846	   212	0.4029	     0
0.5892	   203	0.4046	     0
0.5938	   232	0.4063	     0
0.5983	   260	0.4079	     0
0.6029	   226	0.4096	     0
0.6075	   226	0.4112	     1
0.6121	   226	0.4129	     1
0.6167	   222	0.4146	     0
0.6213	   220	0.4162	     0
0.6259	   214	0.4179	     0
0.6305	   201	0.4195	     0
0.6351	   204	0.4212	     0
0.6396	   244	0.4229	     0
0.6442	   203	0.4245	     0
0.6488	   225	0.4262	     0
0.6534	   218	0.4278	     0
0.6580	   223	0.4295	     0
0.6626	   211	0.4312	     0
0.6672	   205	0.4328	     0
0.6718	   210	0.4345	     0
0.6764	   216	0.4361	     0
0.6810	   209	0.4378	     0
0.6855	   202	0.4395	     0
0.6901	   215	0.4411	     0
0.6947	   206	0.4428	     0
0.6993	   218	0.4444	     0
0.7039	   233	0.4461	     0
0.7085	   214	0.4478	     0
0.7131	   201	0.4494	     0
0.7177	   194	0.4511	     1
0.7223	   199	0.4527	     0
0.7269	   214	0.4544	     0
0.7314	   195	0.4561	     0
0.7360	   208	0.4577	     0
0.7406	   181	0.4594	     0
0.7452	   178	0.4610	     0
0.7498	   219	0.4627	     0
0.7544	   194	0.4644	     0
0.7590	   206	0.4660	     0
0.7636	   214	0.4677	     0
0.7682	   209	0.4693	     0
0.7728	   187	0.4710	     0
0.7773	   208	0.4727	     0
0.7819	   195	0.4743	     0
0.7865	   186	0.4760	     0
0.7911	   179	0.4776	     0
0.7957	   187	0.4793	     0
0.8003	   178	0.4810	     0
0.8049	   178	0.4826	     0
0.8095	   176	0.4843	     0
0.8141	   193	0.4859	     0
0.8187	   207	0.4876	     0
0.8232	   155	0.4893	     0
0.8278	   192	0.4909	     0
0.8324	   201	0.4926	     0
0.8370	   180	0.4942	     0
0.8416	   187	0.4959	     0
0.8462	   193	0.4976	     0
0.8508	   191	0.4992	     0
0.8554	   191	0.5009	     0
0.8600	   181	0.5025	     0
0.8646	   169	0.5042	     0
0.8691	   175	0.5059	     1
0.8737	   178	0.5075	     0
0.8783	   163	0.5092	     0
0.8829	   150	0.5108	     0
0.8875	   202	0.5125	     0
0.8921	   190	0.5142	     0
0.8967	   165	0.5158	     0
0.9013	   207	0.5175	     0
0.9059	   191	0.5191	     0
0.9104	   202	0.5208	     0
0.9150	   174	0.5225	     0
0.9196	   187	0.5241	     0
0.9242	   181	0.5258	     0
0.9288	   162	0.5274	     0
0.9334	   188	0.5291	     0
0.9380	   193	0.5308	     0
0.9426	   169	0.5324	     0
0.9472	   170	0.5341	     0
0.9518	   183	0.5357	     0
0.9563	   166	0.5374	     0
0.9609	   159	0.5391	     0
0.9655	   179	0.5407	     0
0.9701	   174	0.5424	     0
0.9747	   175	0.5440	     0
0.9793	   184	0.5457	     0
0.9839	   173	0.5474	     0
0.9885	   149	0.5490	     0
0.9931	   151	0.5507	     0
0.9977	   152	0.5523	     0
1.0022	   173	0.5540	     0
1.0068	   175	0.5557	     0
1.0114	   155	0.5573	     0
1.0160	   170	0.5590	     0
1.0206	   201	0.5606	     0
1.0252	   157	0.5623	     0
1.0298	   164	0.5640	     0
1.0344	   165	0.5656	     0
1.0390	   138	0.5673	     0
1.0436	   160	0.5689	     0
1.0481	   166	0.5706	     0
1.0527	   154	0.5723	     0
1.0573	   145	0.5739	     0
1.0619	   159	0.5756	     0
1.0665	   155	0.5772	     0
1.0711	   117	0.5789	     0
1.0757	   151	0.5806	     0
1.0803	   147	0.5822	     0
1.0849	   150	0.5839	     0
1.0895	   156	0.5855	     0
1.0940	   155	0.5872	     0
1.0986	   116	0.5889	     0
1.1032	   116	0.5905	     0
1.1078	   146	0.5922	     0
1.1124	   142	0.5938	     0
1.1170	   130	0.5955	     0
1.1216	   130	0.5972	     0
1.1262	   131	0.5988	     0
1.1308	   143	0.6005	     0
1.1354	   134	0.6021	     0
1.1399	   150	0.6038	     0
1.1445	   138	0.6055	     0
1.1491	   120	0.6071	     0
1.1537	   129	0.6088	     0
1.1583	   135	0.6104	     0
1.1629	   129	0.6121	     0
1.1675	   138	0.6138	     0
1.1721	   117	0.6154	     0
1.1767	   130	0.6171	     0
1.1813	   128	0.6187	     0
1.1858	   144	0.6204	     0
1.1904	   132	0.6221	     0
1.1950	   124	0.6237	     0
1.1996	   131	0.6254	     0
1.2042	   115	0.6271	     0
1.2088	   131	0.6287	     0
1.2134	   119	0.6304	     0
1.2180	   131	0.6320	     0
1.2226	    98	0.6337	     0
1.2271	   127	0.6354	     0
1.2317	   103	0.6370	     1
1.2363	   111	0.6387	     0
1.2409	   115	0.6403	     0
1.2455	   105	0.6420	     0
1.2501	   103	0.6437	     0
1.2547	   122	0.6453	     0
1.2593	   113	0.6470	     0
1.2639	    96	0.6486	     0
1.2685	   112	0.6503	     0
1.2730	   109	0.6520	     0
1.2776	   105	0.6536	     0
1.2822	    86	0.6553	     0
1.2868	   103	0.6569	     0
1.2914	   113	0.6586	     0
1.2960	   101	0.6603	     0
1.3006	   110	0.6619	     0
1.3052	    86	0.6636	     0
1.3098	   120	0.6652	     0
1.3144	   114	0.6669	     0
1.3189	   113	0.6686	     0
1.3235	    80	0.6702	     0
1.3281	    96	0.6719	     0
1.3327	    98	0.6735	     0
1.3373	   103	0.6752	     0
1.3419	   114	0.6769	     0
1.3465	    96	0.6785	     0
1.3511	   107	0.6802	     0
1.3557	   113	0.6818	     0
1.3603	    85	0.6835	     0
1.3648	   101	0.6852	     0
1.3694	    99	0.6868	     0
1.3740	   101	0.6885	     0
1.3786	    92	0.6901	     0
1.3832	   110	0.6918	     0
1.3878	    90	0.6935	     0
1.3924	   100	0.6951	     0
1.3970	    94	0.6968	     0
1.4016	   101	0.6984	     0
1.4062	    89	0.7001	     0
1.4107	    99	0.7018	     0
1.4153	    93	0.7034	     0
1.4199	    80	0.7051	     0
1.4245	    84	0.7067	     0
1.4291	   109	0.7084	     0
1.4337	    86	0.7101	     0
1.4383	    73	0.7117	     0
1.4429	    83	0.7134	     0
1.4475	    92	0.7150	     0
1.4521	   101	0.7167	     1
1.4566	    99	0.7184	     1
1.4612	    91	0.7200	     0
1.4658	    94	0.7217	     0
1.4704	    98	0.7233	     0
1.4750	    89	0.7250	     0
1.4796	    66	0.7267	     0
1.4842	    80	0.7283	     0
1.4888	    78	0.7300	     0
1.4934	    85	0.7316	     0
1.4979	    81	0.7333	     0
1.5025	    83	0.7350	     0
1.5071	    90	0.7366	     0
1.5117	    63	0.7383	     0
1.5163	    76	0.7399	     0
1.5209	    82	0.7416	     0
1.5255	   104	0.7433	     0
1.5301	    63	0.7449	     0
1.5347	    86	0.7466	     0
1.5393	    84	0.7482	     0
1.5438	    77	0.7499	     0
1.5484	    78	0.7516	     0
1.5530	    79	0.7532	     0
1.5576	    96	0.7549	     0
1.5622	    80	0.7565	     0
1.5668	    68	0.7582	     0
1.5714	    66	0.7599	     1
1.5760	    80	0.7615	     0
1.5806	    75	0.7632	     0
1.5852	    93	0.7648	     0
1.5897	    90	0.7665	     0
1.5943	    72	0.7682	     0
1.5989	    90	0.7698	     1
1.6035	    90	0.7715	     0
1.6081	    95	0.7731	     0
1.6127	    80	0.7748	     0
1.6173	    66	0.7765	     0
1.6219	    64	0.7781	     0
1.6265	    66	0.7798	     0
1.6311	    82	0.7814	     0
1.6356	    61	0.7831	     0
1.6402	    83	0.7848	     0
1.6448	    86	0.7864	     0
1.6494	    76	0.7881	     0
1.6540	    64	0.7897	     0
1.6586	    54	0.7914	     0
1.6632	    63	0.7931	     0
1.6678	    73	0.7947	     0
1.6724	    74	0.7964	     0
1.6770	    85	0.7980	     0
1.6815	    77	0.7997	     0
1.6861	    67	0.8014	     0
1.6907	    63	0.8030	     0
1.6953	    67	0.8047	     0
1.6999	    73	0.8063	     0
1.7045	    67	0.8080	     0
1.7091	    75	0.8097	     0
1.7137	    67	0.8113	     0
1.7183	    84	0.8130	     0
1.7229	    74	0.8146	     0
1.7274	    87	0.8163	     0
1.7320	    58	0.8180	     0
1.7366	    65	0.8196	     0
1.7412	    67	0.8213	     0
1.7458	    67	0.8229	     0
1.7504	    61	0.8246	     0
1.7550	    74	0.8263	     0
1.7596	    65	0.8279	     0
1.7642	    58	0.8296	     0
1.7688	    78	0.8313	     0
1.7733	    78	0.8329	     0
1.7779	    56	0.8346	     0
1.7825	    75	0.8362	     0
1.7871	    61	0.8379	     0
1.7917	    74	0.8396	     0
1.7963	    60	0.8412	     0
1.8009	    65	0.8429	     0
1.8055	    46	0.8445	     0
1.8101	    62	0.8462	     0
1.8146	    73	0.8479	     0
1.8192	    69	0.8495	     0
1.8238	    68	0.8512	     0
1.8284	    49	0.8528	     0
1.8330	    70	0.8545	     0
1.8376	    63	0.8562	     0
1.8422	    61	0.8578	     0
1.8468	    55	0.8595	     0
1.8514	    71	0.8611	     0
1.8560	    71	0.8628	     0
1.8605	    59	0.8645	     1
1.8651	    49	0.8661	     0
1.8697	    69	0.8678	     0
1.8743	    56	0.8694	     0
1.8789	    55	0.8711	     0
1.8835	    68	0.8728	     0
1.8881	    63	0.8744	     0
1.8927	    59	0.8761	     0
1.8973	    70	0.8777	     0
1.9019	    63	0.8794	     0
1.9064	    74	0.8811	     0
1.9110	    62	0.8827	     0
1.9156	    70	0.8844	     0
1.9202	    57	0.8860	     0
1.9248	    59	0.8877	     0
1.9294	    55	0.8894	     0
1.9340	    64	0.8910	     0
1.9386	    57	0.8927	     0
1.9432	    72	0.8943	     0
1.9478	    59	0.8960	     0
1.9523	    46	0.8977	     0
1.9569	    62	0.8993	     0
1.9615	    84	0.9010	     0
1.9661	    61	0.9026	     0
1.9707	    43	0.9043	     0
1.9753	    56	0.9060	     0
1.9799	    55	0.9076	     0
1.9845	    68	0.9093	     0
1.9891	    60	0.9109	     0
1.9937	    60	0.9126	     0
1.9982	    51	0.9143	     0
2.0028	    58	0.9159	     0
2.0074	    60	0.9176	     0
2.0120	    61	0.9192	     0
2.0166	    64	0.9209	     0
2.0212	    76	0.9226	     0
2.0258	    58	0.9242	     0
2.0304	    53	0.9259	     0
2.0350	    66	0.9275	     0
2.0396	    44	0.9292	     0
2.0441	    55	0.9309	     1
2.0487	    68	0.9325	     0
2.0533	    72	0.9342	     0
2.0579	    62	0.9358	     0
2.0625	    58	0.9375	     0
2.0671	    55	0.9392	     0
2.0717	    53	0.9408	     0
2.0763	    60	0.9425	     0
2.0809	    64	0.9441	     0
2.0854	    59	0.9458	     0
2.0900	    55	0.9475	     0
2.0946	    50	0.9491	     0
2.0992	    40	0.9508	     0
2.1038	    56	0.9524	     0
2.1084	    66	0.9541	     0
2.1130	    47	0.9558	     0
2.1176	    53	0.9574	     0
2.1222	    38	0.9591	     0
2.1268	    48	0.9607	     0
2.1313	    38	0.9624	     0
2.1359	    38	0.9641	     0
2.1405	    47	0.9657	     0
2.1451	    51	0.9674	     0
2.1497	    59	0.9690	     0
2.1543	    59	0.9707	     0
2.1589	    56	0.9724	     0
2.1635	    48	0.9740	     0
2.1681	    48	0.9757	     0
2.1727	    47	0.9773	     0
2.1772	    56	0.9790	     0
2.1818	    35	0.9807	     0
2.1864	    45	0.9823	     0
2.1910	    45	0.9840	     0
2.1956	    36	0.9856	     0
2.2002	    45	0.9873	     0
2.2048	    37	0.9890	     0
2.2094	    41	0.9906	     0
2.2140	    45	0.9923	     0
2.2186	    45	0.9939	     0
2.2231	    51	0.9956	     0
2.2277	    37	0.9973	     0
2.2323	    38	0.9989	     0
2.2369	    49	1.0006	     0
2.2415	    39	1.0022	     0
2.2461	    44	1.0039	     0
2.2507	    50	1.0056	     1
2.2553	    53	1.0072	     0
2.2599	    54	1.0089	     0
2.2645	    45	1.0105	     0
2.2690	    50	1.0122	     0
2.2736	    47	1.0139	     0
2.2782	    45	1.0155	     0
2.2828	    39	1.0172	     0
2.2874	    35	1.0188	     0
2.2920	    43	1.0205	     0
2.2966	    37	1.0222	     0
2.3012	    45	1.0238	     0
2.3058	    64	1.0255	     0
2.3104	    43	1.0271	     0
2.3149	    48	1.0288	     0
2.3195	    39	1.0305	     0
2.3241	    38	1.0321	     0
2.3287	    38	1.0338	     0
2.3333	    37	1.0354	     0
2.3379	    50	1.0371	     0
2.3425	    43	1.0388	     0
2.3471	    35	1.0404	     0
2.3517	    38	1.0421	     0
2.3562	    41	1.0438	     0
2.3608	    51	1.0454	     0
2.3654	    39	1.0471	     0
2.3700	    27	1.0487	     0
2.3746	    41	1.0504	     0
2.3792	    45	1.0521	     0
2.3838	    51	1.0537	     0
2.3884	    31	1.0554	     0
2.3930	    44	1.0570	     0
2.3976	    53	1.0587	     0
2.4021	    45	1.0604	     0
2.4067	    40	1.0620	     0
2.4113	    63	1.0637	     0
2.4159	    56	1.0653	     0
2.4205	    49	1.0670	     0
2.4251	    55	1.0687	     0
2.4297	    41	1.0703	     0
2.4343	    55	1.0720	     0
2.4389	    51	1.0736	     0
2.4435	    46	1.0753	     0
2.4480	    47	1.0770	     0
2.4526	    45	1.0786	     0
2.4572	    59	1.0803	     0
2.4618	    42	1.0819	     0
2.4664	    38	1.0836	     0
2.4710	    44	1.0853	     0
2.4756	    45	1.0869	     0
2.4802	    60	1.0886	     0
2.4848	    47	1.0902	     0
2.4894	    47	1.0919	     0
2.4939	    51	1.0936	     0
2.4985	    53	1.0952	     1
2.5031	    37	1.0969	     0
2.5077	    44	1.0985	     0
2.5123	    38	1.1002	     0
2.5169	    34	1.1019	     0
2.5215	    45	1.1035	     0
2.5261	    49	1.1052	     0
2.5307	    51	1.1068	     0
2.5353	    59	1.1085	     0
2.5398	    52	1.1102	     0
2.5444	    56	1.1118	     0
2.5490	    47	1.1135	     0
2.5536	    51	1.1151	     0
2.5582	    49	1.1168	     1
2.5628	    52	1.1185	     0
2.5674	    44	1.1201	     0
2.5720	    55	1.1218	     0
2.5766	    50	1.1234	     0
2.5812	    68	1.1251	     0
2.5857	    53	1.1268	     0
2.5903	    55	1.1284	     0
2.5949	    57	1.1301	     0
2.5995	    63	1.1317	     0
2.6041	    62	1.1334	     0
2.6087	    50	1.1351	     0
2.6133	    68	1.1367	     0
2.6179	    57	1.1384	     0
2.6225	    45	1.1400	     0
2.6271	    59	1.1417	     0
2.6316	    51	1.1434	     0
2.6362	    57	1.1450	     0
2.6408	    60	1.1467	     0
2.6454	    55	1.1483	     0
2.6500	    62	1.1500	     0
2.6546	    49	1.1517	     0
2.6592	    72	1.1533	     0
2.6638	    59	1.1550	     0
2.6684	    61	1.1566	     0
2.6729	    65	1.1583	     0
2.6775	    55	1.1600	     0
2.6821	    70	1.1616	     0
2.6867	    51	1.1633	     0
2.6913	    54	1.1649	     0
2.6959	    68	1.1666	     0
2.7005	    61	1.1683	     0
2.7051	    65	1.1699	     0
2.7097	    74	1.1716	     1
2.7143	    65	1.1732	     0
2.7188	    61	1.1749	     0
2.7234	    55	1.1766	     0
2.7280	    62	1.1782	     0
2.7326	    53	1.1799	     0
2.7372	    61	1.1815	     0
2.7418	    75	1.1832	     0
2.7464	    61	1.1849	     0
2.7510	    67	1.1865	     0
2.7556	    70	1.1882	     0
2.7602	    78	1.1898	     0
2.7647	    74	1.1915	     0
2.7693	    70	1.1932	     0
2.7739	    81	1.1948	     0
2.7785	    68	1.1965	     0
2.7831	    66	1.1981	     0
2.7877	    80	1.1998	     0
2.7923	    82	1.2015	     0
2.7969	    78	1.2031	     0
2.8015	   105	1.2048	     0
2.8061	   110	1.2064	     0
2.8106	   104	1.2081	     0
2.8152	   115	1.2098	     0
2.8198	   114	1.2114	     0
2.8244	   112	1.2131	     0
2.8290	   133	1.2147	     0
2.8336	   147	1.2164	     0
2.8382	   159	1.2181	     0
2.8428	   134	1.2197	     0
2.8474	   175	1.2214	     1
2.8520	   194	1.2230	     0
2.8565	   198	1.2247	     0
2.8611	   195	1.2264	     0
2.8657	   235	1.2280	     0
2.8703	   222	1.2297	     0
2.8749	   285	1.2313	     0
2.8795	   254	1.2330	     0
2.8841	   306	1.2347	     0
2.8887	   304	1.2363	     0
2.8933	   288	1.2380	     0
2.8979	   342	1.2396	     0
2.9024	   324	1.2413	     0
2.9070	   335	1.2430	     0
2.9116	   355	1.2446	     0
2.9162	   369	1.2463	     0
2.9208	   453	1.2479	     0
2.9254	   452	1.2496	     0
2.9300	   386	1.2513	     0
2.9346	   472	1.2529	     0
2.9392	   487	1.2546	     0
2.9438	   457	1.2562	     0
2.9483	   526	1.2579	     0
2.9529	   497	1.2596	     0
2.9575	   476	1.2612	     0
2.9621	   493	1.2629	     0
2.9667	   467	1.2646	     0
2.9713	   492	1.2662	     0
2.9759	   510	1.2679	     0
2.9805	   491	1.2695	     0
2.9851	   488	1.2712	     0
2.9896	   504	1.2729	     0
2.9942	   490	1.2745	     0
2.9988	   455	1.2762	     0
3.0034	   439	1.2778	     0
3.0080	   401	1.2795	     0
3.0126	   374	1.2812	     0
3.0172	   362	1.2828	     0
3.0218	   355	1.2845	     0
3.0264	   335	1.2861	     0
3.0310	   291	1.2878	     0
3.0355	   266	1.2895	     1
3.0401	   253	1.2911	     0
3.0447	   247	1.2928	     1
3.0493	   229	1.2944	     0
3.0539	   183	1.2961	     0
3.0585	   161	1.2978	     0
3.0631	   180	1.2994	     0
3.0677	   132	1.3011	     0
3.0723	   125	1.3027	     0
3.0769	   106	1.3044	     0
3.0814	    97	1.3061	     0
3.0860	   106	1.3077	     0
3.0906	    93	1.3094	     0
3.0952	    60	1.3110	     0
3.0998	    68	1.3127	     0
3.1044	    49	1.3144	     0
3.1090	    54	1.3160	     0
3.1136	    39	1.3177	     0
3.1182	    40	1.3193	     0
3.1228	    32	1.3210	     0
3.1273	    32	1.3227	     0
3.1319	    25	1.3243	     0
3.1365	    20	1.3260	     0
3.1411	    28	1.3276	     0
3.1457	    25	1.3293	     0
3.1503	    28	1.3310	     0
3.1549	    22	1.3326	     0
3.1595	    19	1.3343	     0
3.1641	    15	1.3359	     0
3.1687	    11	1.3376	     0
3.1732	    15	1.3393	     0
3.1778	    15	1.3409	     0
3.1824	    16	1.3426	     0
3.1870	    15	1.3442	     0
3.1916	    27	1.3459	     0
3.1962	    13	1.3476	     0
3.2008	    32	1.3492	     0
3.2054	    20	1.3509	     0
3.2100	    20	1.3525	     0
3.2146	    15	1.3542	     0
3.2191	    25	1.3559	     0
3.2237	    27	1.3575	     0
3.2283	    25	1.3592	     0
3.2329	    18	1.3608	     0
3.2375	    17	1.3625	     0
3.2421	    21	1.3642	     0
3.2467	    23	1.3658	     0
3.2513	    27	1.3675	     0
3.2559	    28	1.3691	     0
3.2604	    26	1.3708	     0
3.2650	    41	1.3725	     0
3.2696	    31	1.3741	     0
3.2742	    35	1.3758	     0
3.2788	    29	1.3774	     0
3.2834	    32	1.3791	     0
3.2880	    35	1.3808	     0
3.2926	    26	1.3824	     0
3.2972	    34	1.3841	     0
3.3018	    31	1.3857	     0
3.3063	    34	1.3874	     0
3.3109	    33	1.3891	     0
3.3155	    36	1.3907	     0
3.3201	    29	1.3924	     1
3.3247	    30	1.3940	     0
3.3293	    36	1.3957	     0
3.3339	    38	1.3974	     0
3.3385	    42	1.3990	     0
3.3431	    33	1.4007	     0
3.3477	    43	1.4023	     0
3.3522	    42	1.4040	     0
3.3568	    43	1.4057	     0
3.3614	    34	1.4073	     0
3.3660	    46	1.4090	     0
3.3706	    51	1.4106	     0
3.3752	    54	1.4123	     0
3.3798	    44	1.4140	     0
3.3844	    55	1.4156	     0
3.3890	    51	1.4173	     0
3.3936	    52	1.4189	     0
3.3981	    48	1.4206	     0
3.4027	    51	1.4223	     0
3.4073	    46	1.4239	     0
3.4119	    42	1.4256	     0
3.4165	    54	1.4272	     0
3.4211	    51	1.4289	     0
3.4257	    52	1.4306	     0
3.4303	    44	1.4322	     0
3.4349	    45	1.4339	     0
3.4395	    46	1.4355	     0
3.4440	    48	1.4372	     0
3.4486	    40	1.4389	     0
3.4532	    48	1.4405	     0
3.4578	    53	1.4422	     0
3.4624	    55	1.4438	     0
3.4670	    40	1.4455	     0
3.4716	    44	1.4472	     0
3.4762	    40	1.4488	     0
3.4808	    46	1.4505	     0
3.4854	    53	1.4521	     0
3.4899	    48	1.4538	     0
3.4945	    44	1.4555	     0
3.4991	    52	1.4571	     0
3.5037	    53	1.4588	     0
3.5083	    50	1.4604	     0
3.5129	    35	1.4621	     0
3.5175	    48	1.4638	     0
3.5221	    43	1.4654	     0
3.5267	    58	1.4671	     0
3.5313	    51	1.4688	     0
3.5358	    47	1.4704	     0
3.5404	    45	1.4721	     0
3.5450	    47	1.4737	     0
3.5496	    59	1.4754	     0
3.5542	    53	1.4771	     0
3.5588	    57	1.4787	     0
3.5634	    50	1.4804	     0
3.5680	    40	1.4820	     0
3.5726	    61	1.4837	     0
3.5771	    51	1.4854	     0
3.5817	    59	1.4870	     0
3.5863	    46	1.4887	     0
3.5909	    49	1.4903	     0
3.5955	    37	1.4920	     0
3.6001	    52	1.4937	     0
3.6047	    38	1.4953	     0
3.6093	    37	1.4970	     0
3.6139	    35	1.4986	     0
3.6185	    29	1.5003	     0
3.6230	    29	1.5020	     0
3.6276	    27	1.5036	     0
3.6322	    31	1.5053	     0
3.6368	    36	1.5069	     0
3.6414	    33	1.5086	     1
3.6460	    34	1.5103	     0
3.6506	    45	1.5119	     0
3.6552	    35	1.5136	     0
3.6598	    34	1.5152	     0
3.6644	    31	1.5169	     0
3.6689	    41	1.5186	     0
3.6735	    42	1.5202	     0
3.6781	    29	1.5219	     0
3.6827	    37	1.5235	     0
3.6873	    33	1.5252	     0
3.6919	    34	1.5269	     0
3.6965	    28	1.5285	     0
3.7011	    31	1.5302	     0
3.7057	    38	1.5318	     0
3.7103	    28	1.5335	     0
3.7148	    37	1.5352	     0
3.7194	    42	1.5368	     0
3.7240	    44	1.5385	     0
3.7286	    62	1.5401	     0
3.7332	    72	1.5418	     0
3.7378	    83	1.5435	     0
3.7424	    92	1.5451	     0
3.7470	    68	1.5468	     0
3.7516	    80	1.5484	     0
3.7562	    77	1.5501	     0
3.7607	    61	1.5518	     0
3.7653	    61	1.5534	     0
3.7699	    46	1.5551	     0
3.7745	    32	1.5567	     0
3.7791	    42	1.5584	     0
3.7837	    24	1.5601	     0
3.7883	    24	1.5617	     0
3.7929	    18	1.5634	     0
3.7975	    22	1.5650	     0
3.8021	     9	1.5667	     0
3.8066	    14	1.5684	     0
3.8112	    13	1.5700	     0
3.8158	    11	1.5717	     0
3.8204	    11	1.5733	     0
3.8250	    15	1.5750	     0
3.8296	    15	1.5767	     0
3.8342	    16	1.5783	     0
3.8388	    16	1.5800	     0
3.8434	    17	1.5816	     0
3.8479	    18	1.5833	     0
3.8525	    20	1.5850	     0
3.8571	    21	1.5866	     0
3.8617	    24	1.5883	     0
3.8663	    29	1.5899	     0
3.8709	    29	1.5916	     0
3.8755	    25	1.5933	     0
3.8801	    27	1.5949	     0
3.8847	    32	1.5966	     0
3.8893	    25	1.5982	     0
3.8938	    25	1.5999	     0
3.8984	    16	1.6016	     0
3.9030	     8	1.6032	     0
3.9076	     5	1.6049	     0
3.9122	     6	1.6065	     0
3.9168	     6	1.6082	     0
3.9214	     1	1.6099	     0
3.9260	     4	1.6115	     0
3.9306	     2	1.6132	     0
3.9352	     4	1.6148	     0
3.9397	     5	1.6165	     0
3.9443	     4	1.6182	     0
3.9489	     2	1.6198	     0
3.9535	     1	1.6215	     0
3.9581	     0	1.6231	     0
3.9627	     2	1.6248	     0
3.9673	     1	1.6265	     0
3.9719	     0	1.6281	     0
3.9765	     2	1.6298	     0
3.9811	     1	1.6314	     0
3.9856	     0	1.6331	     0
3.9902	     1	1.6348	     0
3.9948	     2	1.6364	     0
3.9994	     1	1.6381	     0
4.0040	     1	1.6397	     0
4.0086	     2	1.6414	     0
4.0132	     1	1.6431	     0
4.0178	     4	1.6447	     0
4.0224	     1	1.6464	     0
4.0270	     0	1.6480	     0
4.0315	     0	1.6497	     0
4.0361	     0	1.6514	     0
4.0407	     1	1.6530	     0
4.0453	     0	1.6547	     0
4.0499	     0	1.6563	     0
4.0545	     4	1.6580	     0
4.0591	     1	1.6597	     0
4.0637	     0	1.6613	     0
4.0683	     2	1.6630	     0
4.0729	     2	1.6646	     0
4.0774	     4	1.6663	     0
4.0820	     0	1.6680	     0
4.0866	     2	1.6696	     0
4.0912	     1	1.6713	     0
4.0958	     0	1.6729	     0
4.1004	     2	1.6746	     0
4.1050	     1	1.6763	     0
4.1096	     5	1.6779	     0
4.1142	     2	1.6796	     0
4.1188	     2	1.6812	     0
4.1233	     6	1.6829	     0
4.1279	     2	1.6846	     0
4.1325	     2	1.6862	     0
4.1371	     1	1.6879	     0
4.1417	     6	1.6896	     0
4.1463	     1	1.6912	     0
4.1509	     3	1.6929	     0
4.1555	     3	1.6945	     0
4.1601	     2	1.6962	     0
4.1646	     2	1.6979	     0
4.1692	     4	1.6995	     0
4.1738	     0	1.7012	     0
4.1784	     3	1.7028	     0
4.1830	     3	1.7045	     0
4.1876	     5	1.7062	     0
4.1922	     1	1.7078	     0
4.1968	     3	1.7095	     0
4.2014	     5	1.7111	     0
4.2060	     3	1.7128	     0
4.2105	     2	1.7145	     0
4.2151	     3	1.7161	     0
4.2197	     3	1.7178	     0
4.2243	     2	1.7194	     1
4.2289	     1	1.7211	     0
4.2335	     0	1.7228	     0
4.2381	     2	1.7244	     0
4.2427	     1	1.7261	     0
4.2473	     0	1.7277	     0
4.2519	     4	1.7294	     0
4.2564	     0	1.7311	     0
4.2610	     0	1.7327	     0
4.2656	     2	1.7344	     0
4.2702	     3	1.7360	     0
4.2748	     3	1.7377	     0
4.2794	     2	1.7394	     0
4.2840	     1	1.7410	     0
4.2886	     0	1.7427	     0
4.2932	     2	1.7443	     0
4.2978	     5	1.7460	     0
4.3023	     0	1.7477	     0
4.3069	     7	1.7493	     0
4.3115	     4	1.7510	     0
4.3161	     5	1.7526	     0
4.3207	     3	1.7543	     0
4.3253	     2	1.7560	     0
4.3299	     0	1.7576	     0
4.3345	     1	1.7593	     0
4.3391	     1	1.7609	     0
4.3437	     0	1.7626	     0
4.3482	     1	1.7643	     0
4.3528	     1	1.7659	     0
4.3574	     4	1.7676	     0
4.3620	     0	1.7692	     1
4.3666	     6	1.7709	     0
4.3712	     4	1.7726	     0
4.3758	     4	1.7742	     0
4.3804	     5	1.7759	     0
4.3850	     7	1.7775	     0
4.3896	     6	1.7792	     0
4.3941	     3	1.7809	     0
4.3987	     6	1.7825	     0
4.4033	     6	1.7842	     0
4.4079	     3	1.7858	     0
4.4125	     4	1.7875	     0
4.4171	     4	1.7892	     0
4.4217	     5	1.7908	     0
4.4263	     4	1.7925	     0
4.4309	    10	1.7941	     0
4.4354	    12	1.7958	     0
4.4400	     9	1.7975	     0
4.4446	     8	1.7991	     0
4.4492	     4	1.8008	     0
4.4538	     2	1.8024	     0
4.4584	     5	1.8041	     0
4.4630	     2	1.8058	     0
4.4676	     4	1.8074	     0
4.4722	     0	1.8091	     0
4.4768	     4	1.8107	     1
4.4813	     1	1.8124	     0
4.4859	     3	1.8141	     0
4.4905	     2	1.8157	     0
4.4951	     3	1.8174	     0
4.4997	     2	1.8190	     0
4.5043	     1	1.8207	     0
4.5089	     1	1.8224	     0
4.5135	     0	1.8240	     0
4.5181	     1	1.8257	     0
4.5227	     0	1.8273	     0
4.5272	     1	1.8290	     0
4.5318	     1	1.8307	     0
4.5364	     1	1.8323	     0
4.5410	     0	1.8340	     0
4.5456	     0	1.8356	     0
4.5502	     0	1.8373	     0
4.5548	     0	1.8390	     0
4.5594	     0	1.8406	     0
4.5640	     0	1.8423	     0
4.5686	     0	1.8439	     0
4.5731	     0	1.8456	     0
4.5777	     0	1.8473	     0
4.5823	     0	1.8489	     0
4.5869	     0	1.8506	     0
4.5915	     1	1.8522	     0
4.5961	     0	1.8539	     0
4.6007	     0	1.8556	     0
4.6053	     0	1.8572	     0
4.6099	     0	1.8589	     0
4.6145	     0	1.8605	     0
4.6190	     0	1.8622	     0
4.6236	     0	1.8639	     0
4.6282	     0	1.8655	     0
4.6328	     0	1.8672	     0
4.6374	     0	1.8688	     0
4.6420	     0	1.8705	     0
4.6466	     0	1.8722	     0
4.6512	     0	1.8738	     0
4.6558	     0	1.8755	     0
4.6604	     0	1.8771	     0
4.6649	     0	1.8788	     0
4.6695	     0	1.8805	     0
4.6741	     0	1.8821	     0
4.6787	     0	1.8838	     0
4.6833	     0	1.8854	     0
4.6879	     0	1.8871	     0
4.6925	     0	1.8888	     0
4.6971	     0	1.8904	     0
4.7017	     0	1.8921	     0
4.7062	     0	1.8938	     0
4.7108	     0	1.8954	     0
4.7154	     0	1.8971	     0
4.7200	     0	1.8987	     0
4.7246	     0	1.9004	     0
4.7292	     0	1.9021	     0
4.7338	     0	1.9037	     0
4.7384	     0	1.9054	     0
4.7430	     0	1.9070	     0
4.7476	     0	1.9087	     0
4.7521	     0	1.9104	     0
4.7567	     0	1.9120	     0
4.7613	     0	1.9137	     0
4.7659	     0	1.9153	     0
4.7705	     0	1.9170	     0
4.7751	     0	1.9187	     0
4.7797	     0	1.9203	     0
4.7843	     0	1.9220	     0
4.7889	     0	1.9236	     0
4.7935	     0	1.9253	     0
4.7980	     0	1.9270	     0
4.8026	     0	1.9286	     0
4.8072	     0	1.9303	     0
4.8118	     0	1.9319	     0
4.8164	     0	1.9336	     0
4.8210	     0	1.9353	     0
4.8256	     0	1.9369	     0
4.8302	     0	1.9386	     0
4.8348	     0	1.9402	     0
4.8394	     0	1.9419	     0
4.8439	     0	1.9436	     0
4.8485	     0	1.9452	     0
4.8531	     0	1.9469	     0
4.8577	     0	1.9485	     0
4.8623	     0	1.9502	     0
4.8669	     0	1.9519	     0
4.8715	     0	1.9535	     0
4.8761	     0	1.9552	     0
4.8807	     0	1.9568	     0
4.8853	     0	1.9585	     0
4.8898	     0	1.9602	     0
4.8944	     0	1.9618	     0
4.8990	     0	1.9635	     0
4.9036	     0	1.9651	     0
4.9082	     0	1.9668	     0
4.9128	     0	1.9685	     0
4.9174	     0	1.9701	     0
4.9220	     0	1.9718	     0
4.9266	     0	1.9734	     0
4.9312	     0	1.9751	     0
4.9357	     0	1.9768	     0
4.9403	     0	1.9784	     0
4.9449	     0	1.9801	     0
4.9495	     0	1.9817	     0
4.9541	     0	1.9834	     0
4.9587	     0	1.9851	     0
4.9633	     0	1.9867	     0
4.9679	     0	1.9884	     0
4.9725	     0	1.9900	     0
4.9771	     0	1.9917	     0
4.9816	     0	1.9934	     0
4.9862	     0	1.9950	     0
4.9908	     0	1.9967	     0
4.9954	     0	1.9983	     0
