02/02/2016 13:32:03
LT: 355.76

0.3000	   779	0.3000	     0
0.3095	   800	0.3017	     0
0.3189	   885	0.3033	     0
0.3284	   810	0.3050	     0
0.3379	   875	0.3066	     0
0.3474	   833	0.3083	     0
0.3568	   970	0.3100	     0
0.3663	   988	0.3116	     0
0.3758	   957	0.3133	     0
0.3853	  1004	0.3149	     0
0.3947	   984	0.3166	     0
0.4042	  1087	0.3183	     0
0.4137	  1142	0.3199	     0
0.4231	  1295	0.3216	     0
0.4326	  1349	0.3232	     0
0.4421	  1398	0.3249	     0
0.4516	  1591	0.3266	     0
0.4610	  1527	0.3282	     0
0.4705	  1469	0.3299	     0
0.4800	  1321	0.3315	     0
0.4895	  1330	0.3332	     0
0.4989	  1401	0.3349	     0
0.5084	  1367	0.3365	     0
0.5179	  1379	0.3382	     0
0.5273	  1310	0.3398	     0
0.5368	  1359	0.3415	     0
0.5463	  1239	0.3432	     0
0.5558	  1262	0.3448	     1
0.5652	  1223	0.3465	     0
0.5747	  1223	0.3481	     1
0.5842	  1180	0.3498	     0
0.5937	  1277	0.3515	     0
0.6031	  1280	0.3531	     0
0.6126	  1237	0.3548	     1
0.6221	  1310	0.3564	     0
0.6315	  1233	0.3581	     0
0.6410	  1215	0.3598	     0
0.6505	  1171	0.3614	     0
0.6600	  1293	0.3631	     0
0.6694	  1256	0.3647	     0
0.6789	  1296	0.3664	     0
0.6884	  1305	0.3681	     0
0.6979	  1254	0.3697	     0
0.7073	  1211	0.3714	     0
0.7168	  1332	0.3730	     0
0.7263	  1289	0.3747	     0
0.7357	  1306	0.3764	     0
0.7452	  1305	0.3780	     0
0.7547	  1214	0.3797	     0
0.7642	  1295	0.3813	     0
0.7736	  1363	0.3830	     0
0.7831	  1251	0.3847	     0
0.7926	  1279	0.3863	     1
0.8021	  1268	0.3880	     0
0.8115	  1327	0.3896	     0
0.8210	  1284	0.3913	     0
0.8305	  1327	0.3930	     0
0.8399	  1276	0.3946	     0
0.8494	  1280	0.3963	     0
0.8589	  1295	0.3979	     0
0.8684	  1233	0.3996	     0
0.8778	  1224	0.4013	     0
0.8873	  1254	0.4029	     0
0.8968	  1301	0.4046	     0
0.9063	  1285	0.4063	     2
0.9157	  1253	0.4079	     0
0.9252	  1262	0.4096	     1
0.9347	  1264	0.4112	     0
0.9441	  1218	0.4129	     0
0.9536	  1238	0.4146	     0
0.9631	  1325	0.4162	     0
0.9726	  1165	0.4179	     0
0.9820	  1261	0.4195	     0
0.9915	  1278	0.4212	     0
1.0010	  1221	0.4229	     0
1.0104	  1312	0.4245	     0
1.0199	  1299	0.4262	     0
1.0294	  1275	0.4278	     1
1.0389	  1260	0.4295	     1
1.0483	  1227	0.4312	     1
1.0578	  1286	0.4328	     0
1.0673	  1178	0.4345	     1
1.0768	  1304	0.4361	     0
1.0862	  1375	0.4378	     0
1.0957	  1245	0.4395	     0
1.1052	  1280	0.4411	     1
1.1146	  1308	0.4428	     1
1.1241	  1368	0.4444	     0
1.1336	  1353	0.4461	     0
1.1431	  1312	0.4478	     0
1.1525	  1352	0.4494	     1
1.1620	  1321	0.4511	     0
1.1715	  1339	0.4527	     0
1.1810	  1337	0.4544	     1
1.1904	  1387	0.4561	     1
1.1999	  1366	0.4577	     0
1.2094	  1356	0.4594	     0
1.2188	  1348	0.4610	     0
1.2283	  1305	0.4627	     0
1.2378	  1301	0.4644	     0
1.2473	  1303	0.4660	     0
1.2567	  1276	0.4677	     0
1.2662	  1207	0.4693	     0
1.2757	  1255	0.4710	     0
1.2852	  1222	0.4727	     0
1.2946	  1230	0.4743	     0
1.3041	  1160	0.4760	     1
1.3136	  1089	0.4776	     0
1.3230	  1130	0.4793	     1
1.3325	  1104	0.4810	     0
1.3420	  1097	0.4826	     0
1.3515	  1022	0.4843	     0
1.3609	   954	0.4859	     0
1.3704	   999	0.4876	     0
1.3799	   936	0.4893	     0
1.3894	   934	0.4909	     0
1.3988	   893	0.4926	     0
1.4083	   950	0.4942	     0
1.4178	   951	0.4959	     0
1.4272	   892	0.4976	     0
1.4367	   895	0.4992	     0
1.4462	   954	0.5009	     0
1.4557	   835	0.5025	     1
1.4651	   851	0.5042	     0
1.4746	   846	0.5059	     1
1.4841	   905	0.5075	     0
1.4936	   873	0.5092	     1
1.5030	   872	0.5108	     0
1.5125	   892	0.5125	     0
1.5220	   848	0.5142	     0
1.5314	   882	0.5158	     0
1.5409	   849	0.5175	     1
1.5504	   834	0.5191	     1
1.5599	   883	0.5208	     2
1.5693	   844	0.5225	     0
1.5788	   833	0.5241	     0
1.5883	   835	0.5258	     0
1.5978	   818	0.5274	     0
1.6072	   867	0.5291	     0
1.6167	   848	0.5308	     0
1.6262	   832	0.5324	     1
1.6356	   798	0.5341	     0
1.6451	   779	0.5357	     0
1.6546	   809	0.5374	     0
1.6641	   774	0.5391	     1
1.6735	   822	0.5407	     0
1.6830	   753	0.5424	     0
1.6925	   805	0.5440	     1
1.7020	   812	0.5457	     0
1.7114	   782	0.5474	     0
1.7209	   731	0.5490	     0
1.7304	   799	0.5507	     1
1.7398	   742	0.5523	     1
1.7493	   784	0.5540	     0
1.7588	   741	0.5557	     0
1.7683	   718	0.5573	     0
1.7777	   764	0.5590	     0
1.7872	   752	0.5606	     0
1.7967	   729	0.5623	     0
1.8062	   768	0.5640	     0
1.8156	   735	0.5656	     0
1.8251	   731	0.5673	     0
1.8346	   759	0.5689	     1
1.8440	   755	0.5706	     0
1.8535	   701	0.5723	     0
1.8630	   712	0.5739	     0
1.8725	   761	0.5756	     0
1.8819	   700	0.5772	     0
1.8914	   704	0.5789	     0
1.9009	   717	0.5806	     0
1.9104	   720	0.5822	     0
1.9198	   696	0.5839	     1
1.9293	   728	0.5855	     2
1.9388	   706	0.5872	     1
1.9482	   709	0.5889	     0
1.9577	   678	0.5905	     0
1.9672	   667	0.5922	     1
1.9767	   690	0.5938	     1
1.9861	   684	0.5955	     1
1.9956	   693	0.5972	     0
2.0051	   696	0.5988	     2
2.0146	   696	0.6005	     0
2.0240	   691	0.6021	     0
2.0335	   639	0.6038	     1
2.0430	   673	0.6055	     0
2.0524	   677	0.6071	     0
2.0619	   684	0.6088	     0
2.0714	   691	0.6104	     0
2.0809	   678	0.6121	     0
2.0903	   657	0.6138	     0
2.0998	   650	0.6154	     0
2.1093	   672	0.6171	     0
2.1187	   682	0.6187	     0
2.1282	   681	0.6204	     0
2.1377	   664	0.6221	     0
2.1472	   663	0.6237	     1
2.1566	   671	0.6254	     0
2.1661	   695	0.6271	     0
2.1756	   634	0.6287	     0
2.1851	   658	0.6304	     0
2.1945	   657	0.6320	     0
2.2040	   642	0.6337	     0
2.2135	   673	0.6354	     1
2.2229	   688	0.6370	     0
2.2324	   637	0.6387	     0
2.2419	   667	0.6403	     0
2.2514	   651	0.6420	     0
2.2608	   660	0.6437	     0
2.2703	   678	0.6453	     0
2.2798	   637	0.6470	     0
2.2893	   655	0.6486	     0
2.2987	   670	0.6503	     0
2.3082	   670	0.6520	     1
2.3177	   625	0.6536	     0
2.3271	   695	0.6553	     0
2.3366	   689	0.6569	     0
2.3461	   695	0.6586	     0
2.3556	   670	0.6603	     0
2.3650	   686	0.6619	     0
2.3745	   653	0.6636	     0
2.3840	   671	0.6652	     0
2.3935	   614	0.6669	     1
2.4029	   642	0.6686	     0
2.4124	   645	0.6702	     0
2.4219	   672	0.6719	     0
2.4313	   662	0.6735	     0
2.4408	   666	0.6752	     1
2.4503	   669	0.6769	     1
2.4598	   678	0.6785	     0
2.4692	   644	0.6802	     0
2.4787	   643	0.6818	     1
2.4882	   617	0.6835	     0
2.4977	   672	0.6852	     0
2.5071	   703	0.6868	     0
2.5166	   659	0.6885	     0
2.5261	   662	0.6901	     1
2.5355	   664	0.6918	     0
2.5450	   609	0.6935	     0
2.5545	   677	0.6951	     0
2.5640	   655	0.6968	     0
2.5734	   674	0.6984	     0
2.5829	   683	0.7001	     0
2.5924	   635	0.7018	     0
2.6019	   638	0.7034	     0
2.6113	   698	0.7051	     0
2.6208	   622	0.7067	     0
2.6303	   637	0.7084	     0
2.6397	   689	0.7101	     0
2.6492	   654	0.7117	     0
2.6587	   660	0.7134	     1
2.6682	   670	0.7150	     0
2.6776	   644	0.7167	     0
2.6871	   680	0.7184	     0
2.6966	   668	0.7200	     0
2.7061	   644	0.7217	     0
2.7155	   690	0.7233	     2
2.7250	   658	0.7250	     0
2.7345	   636	0.7267	     0
2.7439	   680	0.7283	     1
2.7534	   681	0.7300	     0
2.7629	   712	0.7316	     0
2.7724	   629	0.7333	     0
2.7818	   663	0.7350	     0
2.7913	   675	0.7366	     0
2.8008	   693	0.7383	     0
2.8103	   710	0.7399	     0
2.8197	   684	0.7416	     1
2.8292	   629	0.7433	     0
2.8387	   681	0.7449	     0
2.8481	   650	0.7466	     0
2.8576	   682	0.7482	     0
2.8671	   654	0.7499	     1
2.8766	   676	0.7516	     0
2.8860	   655	0.7532	     1
2.8955	   626	0.7549	     0
2.9050	   672	0.7565	     0
2.9145	   657	0.7582	     0
2.9239	   656	0.7599	     1
2.9334	   636	0.7615	     0
2.9429	   689	0.7632	     0
2.9523	   646	0.7648	     0
2.9618	   654	0.7665	     0
2.9713	   657	0.7682	     0
2.9808	   696	0.7698	     1
2.9902	   669	0.7715	     0
2.9997	   671	0.7731	     0
3.0092	   691	0.7748	     0
3.0187	   639	0.7765	     1
3.0281	   640	0.7781	     1
3.0376	   707	0.7798	     0
3.0471	   614	0.7814	     0
3.0565	   701	0.7831	     1
3.0660	   645	0.7848	     0
3.0755	   681	0.7864	     0
3.0850	   670	0.7881	     0
3.0944	   701	0.7897	     0
3.1039	   656	0.7914	     0
3.1134	   669	0.7931	     0
3.1229	   693	0.7947	     0
3.1323	   685	0.7964	     0
3.1418	   678	0.7980	     0
3.1513	   652	0.7997	     0
3.1607	   711	0.8014	     0
3.1702	   720	0.8030	     0
3.1797	   690	0.8047	     0
3.1892	   709	0.8063	     0
3.1986	   692	0.8080	     0
3.2081	   724	0.8097	     1
3.2176	   694	0.8113	     0
3.2271	   696	0.8130	     0
3.2365	   708	0.8146	     0
3.2460	   686	0.8163	     0
3.2555	   719	0.8180	     0
3.2649	   745	0.8196	     0
3.2744	   698	0.8213	     0
3.2839	   703	0.8229	     0
3.2934	   699	0.8246	     0
3.3028	   685	0.8263	     0
3.3123	   767	0.8279	     0
3.3218	   724	0.8296	     0
3.3312	   698	0.8313	     0
3.3407	   719	0.8329	     0
3.3502	   733	0.8346	     0
3.3597	   717	0.8362	     0
3.3691	   739	0.8379	     0
3.3786	   716	0.8396	     0
3.3881	   760	0.8412	     0
3.3976	   678	0.8429	     0
3.4070	   786	0.8445	     1
3.4165	   739	0.8462	     0
3.4260	   723	0.8479	     0
3.4354	   754	0.8495	     0
3.4449	   679	0.8512	     0
3.4544	   737	0.8528	     0
3.4639	   743	0.8545	     0
3.4733	   676	0.8562	     0
3.4828	   724	0.8578	     0
3.4923	   739	0.8595	     0
3.5018	   744	0.8611	     0
3.5112	   708	0.8628	     0
3.5207	   726	0.8645	     1
3.5302	   746	0.8661	     0
3.5396	   758	0.8678	     1
3.5491	   820	0.8694	     1
3.5586	   742	0.8711	     0
3.5681	   746	0.8728	     0
3.5775	   710	0.8744	     0
3.5870	   756	0.8761	     0
3.5965	   771	0.8777	     0
3.6060	   760	0.8794	     0
3.6154	   739	0.8811	     0
3.6249	   771	0.8827	     1
3.6344	   674	0.8844	     0
3.6438	   730	0.8860	     0
3.6533	   737	0.8877	     0
3.6628	   772	0.8894	     0
3.6723	   806	0.8910	     0
3.6817	   767	0.8927	     0
3.6912	   787	0.8943	     1
3.7007	   733	0.8960	     0
3.7102	   768	0.8977	     0
3.7196	   769	0.8993	     0
3.7291	   760	0.9010	     1
3.7386	   770	0.9026	     0
3.7480	   792	0.9043	     0
3.7575	   756	0.9060	     0
3.7670	   776	0.9076	     1
3.7765	   744	0.9093	     0
3.7859	   793	0.9109	     0
3.7954	   752	0.9126	     0
3.8049	   780	0.9143	     0
3.8144	   802	0.9159	     1
3.8238	   733	0.9176	     0
3.8333	   788	0.9192	     0
3.8428	   763	0.9209	     0
3.8522	   738	0.9226	     0
3.8617	   752	0.9242	     0
3.8712	   798	0.9259	     0
3.8807	   788	0.9275	     0
3.8901	   794	0.9292	     0
3.8996	   839	0.9309	     1
3.9091	   807	0.9325	     0
3.9186	   789	0.9342	     0
3.9280	   804	0.9358	     0
3.9375	   803	0.9375	     0
3.9470	   785	0.9392	     0
3.9564	   808	0.9408	     0
3.9659	   783	0.9425	     0
3.9754	   736	0.9441	     0
3.9849	   781	0.9458	     1
3.9943	   843	0.9475	     0
4.0038	   821	0.9491	     0
4.0133	   798	0.9508	     0
4.0228	   789	0.9524	     0
4.0322	   807	0.9541	     0
4.0417	   812	0.9558	     1
4.0512	   836	0.9574	     1
4.0606	   787	0.9591	     0
4.0701	   823	0.9607	     0
4.0796	   814	0.9624	     0
4.0891	   790	0.9641	     0
4.0985	   856	0.9657	     1
4.1080	   841	0.9674	     0
4.1175	   798	0.9690	     1
4.1270	   862	0.9707	     0
4.1364	   783	0.9724	     0
4.1459	   825	0.9740	     1
4.1554	   886	0.9757	     0
4.1648	   872	0.9773	     0
4.1743	   872	0.9790	     1
4.1838	   831	0.9807	     0
4.1933	   852	0.9823	     0
4.2027	   816	0.9840	     1
4.2122	   861	0.9856	     0
4.2217	   946	0.9873	     0
4.2312	   856	0.9890	     1
4.2406	   868	0.9906	     0
4.2501	   801	0.9923	     0
4.2596	   908	0.9939	     0
4.2690	   864	0.9956	     0
4.2785	   881	0.9973	     0
4.2880	   907	0.9989	     0
4.2975	   920	1.0006	     0
4.3069	   879	1.0022	     0
4.3164	   912	1.0039	     1
4.3259	   905	1.0056	     0
4.3354	   889	1.0072	     0
4.3448	   867	1.0089	     0
4.3543	   962	1.0105	     1
4.3638	   920	1.0122	     0
4.3732	   955	1.0139	     0
4.3827	   940	1.0155	     2
4.3922	   981	1.0172	     0
4.4017	   941	1.0188	     0
4.4111	   928	1.0205	     0
4.4206	   925	1.0222	     0
4.4301	   974	1.0238	     0
4.4396	   972	1.0255	     0
4.4490	  1016	1.0271	     0
4.4585	   997	1.0288	     0
4.4680	   949	1.0305	     0
4.4774	   947	1.0321	     0
4.4869	  1009	1.0338	     0
4.4964	   966	1.0354	     0
4.5059	  1023	1.0371	     0
4.5153	  1026	1.0388	     0
4.5248	  1003	1.0404	     1
4.5343	  1030	1.0421	     0
4.5437	   945	1.0438	     0
4.5532	   984	1.0454	     0
4.5627	  1023	1.0471	     0
4.5722	   996	1.0487	     0
4.5816	   953	1.0504	     0
4.5911	  1024	1.0521	     0
4.6006	   963	1.0537	     0
4.6101	  1020	1.0554	     0
4.6195	  1007	1.0570	     0
4.6290	  1009	1.0587	     0
4.6385	  1072	1.0604	     0
4.6479	  1030	1.0620	     0
4.6574	  1082	1.0637	     0
4.6669	  1014	1.0653	     0
4.6764	  1000	1.0670	     0
4.6858	  1039	1.0687	     0
4.6953	  1096	1.0703	     0
4.7048	   993	1.0720	     0
4.7143	  1012	1.0736	     0
4.7237	  1060	1.0753	     0
4.7332	  1077	1.0770	     0
4.7427	   984	1.0786	     0
4.7521	  1071	1.0803	     0
4.7616	  1018	1.0819	     0
4.7711	   969	1.0836	     0
4.7806	   943	1.0853	     0
4.7900	  1024	1.0869	     1
4.7995	  1027	1.0886	     0
4.8090	  1013	1.0902	     1
4.8185	   977	1.0919	     1
4.8279	   992	1.0936	     0
4.8374	   969	1.0952	     1
4.8469	   955	1.0969	     0
4.8563	   997	1.0985	     0
4.8658	   930	1.1002	     0
4.8753	   934	1.1019	     0
4.8848	   990	1.1035	     0
4.8942	   923	1.1052	     0
4.9037	   946	1.1068	     0
4.9132	   987	1.1085	     0
4.9227	   927	1.1102	     0
4.9321	   943	1.1118	     0
4.9416	   971	1.1135	     0
4.9511	   871	1.1151	     0
4.9605	   894	1.1168	     0
4.9700	   886	1.1185	     0
4.9795	   896	1.1201	     0
4.9890	   904	1.1218	     1
4.9984	   913	1.1234	     0
5.0079	   914	1.1251	     0
5.0174	   932	1.1268	     0
5.0269	   894	1.1284	     1
5.0363	   882	1.1301	     0
5.0458	   850	1.1317	     0
5.0553	   892	1.1334	     1
5.0647	   882	1.1351	     1
5.0742	   945	1.1367	     0
5.0837	   882	1.1384	     0
5.0932	   930	1.1400	     0
5.1026	   910	1.1417	     0
5.1121	   961	1.1434	     0
5.1216	   941	1.1450	     0
5.1311	   954	1.1467	     0
5.1405	   909	1.1483	     0
5.1500	   962	1.1500	     0
5.1595	   955	1.1517	     0
5.1689	   920	1.1533	     1
5.1784	   886	1.1550	     1
5.1879	   927	1.1566	     0
5.1974	   940	1.1583	     1
5.2068	   967	1.1600	     0
5.2163	  1025	1.1616	     0
5.2258	   936	1.1633	     0
5.2353	   947	1.1649	     0
5.2447	   959	1.1666	     0
5.2542	   965	1.1683	     0
5.2637	   965	1.1699	     1
5.2731	   916	1.1716	     0
5.2826	   972	1.1732	     0
5.2921	   922	1.1749	     0
5.3016	   949	1.1766	     1
5.3110	   962	1.1782	     0
5.3205	   947	1.1799	     0
5.3300	   920	1.1815	     0
5.3395	   909	1.1832	     0
5.3489	   911	1.1849	     0
5.3584	   847	1.1865	     0
5.3679	   898	1.1882	     0
5.3773	   888	1.1898	     0
5.3868	   881	1.1915	     0
5.3963	   909	1.1932	     1
5.4058	   882	1.1948	     0
5.4152	   864	1.1965	     0
5.4247	   935	1.1981	     0
5.4342	   885	1.1998	     0
5.4437	   952	1.2015	     0
5.4531	   944	1.2031	     0
5.4626	  1009	1.2048	     0
5.4721	  1027	1.2064	     0
5.4815	  1146	1.2081	     0
5.4910	  1230	1.2098	     0
5.5005	  1333	1.2114	     0
5.5100	  1455	1.2131	     0
5.5194	  1655	1.2147	     0
5.5289	  1816	1.2164	     0
5.5384	  1871	1.2181	     0
5.5479	  2192	1.2197	     1
5.5573	  2326	1.2214	     0
5.5668	  2591	1.2230	     0
5.5763	  2797	1.2247	     0
5.5857	  3023	1.2264	     0
5.5952	  3376	1.2280	     0
5.6047	  3512	1.2297	     0
5.6142	  3746	1.2313	     0
5.6236	  4009	1.2330	     0
5.6331	  4162	1.2347	     0
5.6426	  4406	1.2363	     0
5.6521	  4466	1.2380	     0
5.6615	  4510	1.2396	     1
5.6710	  4565	1.2413	     0
5.6805	  4491	1.2430	     0
5.6899	  4294	1.2446	     0
5.6994	  4139	1.2463	     0
5.7089	  4081	1.2479	     0
5.7184	  3885	1.2496	     0
5.7278	  3640	1.2513	     0
5.7373	  3361	1.2529	     0
5.7468	  3005	1.2546	     1
5.7562	  2828	1.2562	     0
5.7657	  2463	1.2579	     0
5.7752	  2253	1.2596	     0
5.7847	  1901	1.2612	     0
5.7941	  1698	1.2629	     0
5.8036	  1503	1.2646	     0
5.8131	  1225	1.2662	     0
5.8226	  1117	1.2679	     0
5.8320	   965	1.2695	     0
5.8415	   858	1.2712	     0
5.8510	   748	1.2729	     0
5.8604	   727	1.2745	     0
5.8699	   664	1.2762	     0
5.8794	   593	1.2778	     0
5.8889	   699	1.2795	     0
5.8983	   705	1.2812	     0
5.9078	   858	1.2828	     1
5.9173	   992	1.2845	     0
5.9268	  1197	1.2861	     0
5.9362	  1391	1.2878	     0
5.9457	  1675	1.2895	     0
5.9552	  1993	1.2911	     0
5.9646	  2390	1.2928	     1
5.9741	  2775	1.2944	     0
5.9836	  3315	1.2961	     0
5.9931	  3936	1.2978	     1
6.0025	  4478	1.2994	     0
6.0120	  4969	1.3011	     0
6.0215	  5290	1.3027	     0
6.0310	  5764	1.3044	     0
6.0404	  5990	1.3061	     1
6.0499	  6070	1.3077	     0
6.0594	  5991	1.3094	     0
6.0688	  5862	1.3110	     1
6.0783	  5347	1.3127	     0
6.0878	  4757	1.3144	     0
6.0973	  4108	1.3160	     0
6.1067	  3277	1.3177	     0
6.1162	  2545	1.3193	     0
6.1257	  1945	1.3210	     0
6.1352	  1385	1.3227	     0
6.1446	   944	1.3243	     2
6.1541	   630	1.3260	     0
6.1636	   431	1.3276	     0
6.1730	   298	1.3293	     1
6.1825	   230	1.3310	     0
6.1920	   217	1.3326	     0
6.2015	   192	1.3343	     0
6.2109	   170	1.3359	     0
6.2204	   135	1.3376	     0
6.2299	   119	1.3393	     0
6.2394	   111	1.3409	     0
6.2488	   101	1.3426	     0
6.2583	    77	1.3442	     0
6.2678	    49	1.3459	     0
6.2772	    47	1.3476	     0
6.2867	    50	1.3492	     0
6.2962	    49	1.3509	     0
6.3057	    48	1.3525	     1
6.3151	    48	1.3542	     0
6.3246	    55	1.3559	     0
6.3341	    56	1.3575	     0
6.3436	    58	1.3592	     0
6.3530	    56	1.3608	     0
6.3625	    56	1.3625	     0
6.3720	    52	1.3642	     1
6.3814	    46	1.3658	     0
6.3909	    39	1.3675	     0
6.4004	    59	1.3691	     0
6.4099	    48	1.3708	     0
6.4193	    45	1.3725	     0
6.4288	    47	1.3741	     0
6.4383	    40	1.3758	     0
6.4478	    39	1.3774	     0
6.4572	    36	1.3791	     0
6.4667	    33	1.3808	     0
6.4762	    15	1.3824	     0
6.4856	    23	1.3841	     0
6.4951	    12	1.3857	     0
6.5046	    12	1.3874	     0
6.5141	    10	1.3891	     0
6.5235	    12	1.3907	     0
6.5330	    15	1.3924	     0
6.5425	    10	1.3940	     0
6.5520	    11	1.3957	     0
6.5614	     9	1.3974	     0
6.5709	     8	1.3990	     0
6.5804	    14	1.4007	     0
6.5898	     7	1.4023	     0
6.5993	    11	1.4040	     0
6.6088	    13	1.4057	     0
6.6183	     5	1.4073	     1
6.6277	     8	1.4090	     0
6.6372	     7	1.4106	     0
6.6467	     7	1.4123	     0
6.6562	     9	1.4140	     0
6.6656	    16	1.4156	     0
6.6751	     5	1.4173	     0
6.6846	    11	1.4189	     0
6.6940	     6	1.4206	     1
6.7035	     4	1.4223	     0
6.7130	     5	1.4239	     0
6.7225	     6	1.4256	     0
6.7319	     4	1.4272	     0
6.7414	    10	1.4289	     0
6.7509	     5	1.4306	     0
6.7604	     5	1.4322	     0
6.7698	     6	1.4339	     0
6.7793	    10	1.4355	     0
6.7888	    10	1.4372	     0
6.7982	     6	1.4389	     0
6.8077	     6	1.4405	     0
6.8172	     5	1.4422	     0
6.8267	     3	1.4438	     0
6.8361	    12	1.4455	     0
6.8456	     4	1.4472	     0
6.8551	     4	1.4488	     1
6.8646	     1	1.4505	     0
6.8740	     6	1.4521	     0
6.8835	     2	1.4538	     0
6.8930	     4	1.4555	     0
6.9024	     8	1.4571	     0
6.9119	     6	1.4588	     0
6.9214	     3	1.4604	     0
6.9309	     3	1.4621	     0
6.9403	     3	1.4638	     0
6.9498	     7	1.4654	     0
6.9593	     6	1.4671	     0
6.9687	     3	1.4688	     1
6.9782	     4	1.4704	     0
6.9877	     2	1.4721	     0
6.9972	     3	1.4737	     0
7.0066	     1	1.4754	     0
7.0161	     0	1.4771	     0
7.0256	     2	1.4787	     0
7.0351	     4	1.4804	     0
7.0445	     1	1.4820	     0
7.0540	     4	1.4837	     1
7.0635	     5	1.4854	     0
7.0729	     1	1.4870	     0
7.0824	     4	1.4887	     1
7.0919	     1	1.4903	     0
7.1014	     2	1.4920	     0
7.1108	     2	1.4937	     0
7.1203	     2	1.4953	     0
7.1298	     3	1.4970	     0
7.1393	     3	1.4986	     0
7.1487	     3	1.5003	     0
7.1582	     5	1.5020	     0
7.1677	     5	1.5036	     0
7.1771	     0	1.5053	     0
7.1866	     3	1.5069	     0
7.1961	     4	1.5086	     0
7.2056	     5	1.5103	     0
7.2150	     4	1.5119	     0
7.2245	     8	1.5136	     0
7.2340	     1	1.5152	     0
7.2435	     2	1.5169	     0
7.2529	     3	1.5186	     0
7.2624	     3	1.5202	     0
7.2719	     3	1.5219	     0
7.2813	     2	1.5235	     0
7.2908	     0	1.5252	     0
7.3003	     5	1.5269	     0
7.3098	     3	1.5285	     0
7.3192	     4	1.5302	     0
7.3287	     4	1.5318	     0
7.3382	     4	1.5335	     0
7.3477	     4	1.5352	     0
7.3571	     6	1.5368	     1
7.3666	     3	1.5385	     0
7.3761	     1	1.5401	     0
7.3855	     1	1.5418	     0
7.3950	     2	1.5435	     0
7.4045	     3	1.5451	     0
7.4140	     4	1.5468	     1
7.4234	     0	1.5484	     0
7.4329	     7	1.5501	     0
7.4424	     3	1.5518	     0
7.4519	     3	1.5534	     0
7.4613	     4	1.5551	     0
7.4708	     5	1.5567	     0
7.4803	     2	1.5584	     0
7.4897	     5	1.5601	     1
7.4992	     3	1.5617	     0
7.5087	     3	1.5634	     0
7.5182	     2	1.5650	     0
7.5276	     4	1.5667	     0
7.5371	     2	1.5684	     0
7.5466	     4	1.5700	     0
7.5561	     3	1.5717	     0
7.5655	     1	1.5733	     0
7.5750	     1	1.5750	     0
7.5845	     2	1.5767	     0
7.5939	     3	1.5783	     0
7.6034	     1	1.5800	     0
7.6129	     3	1.5816	     0
7.6224	     1	1.5833	     0
7.6318	     2	1.5850	     0
7.6413	     6	1.5866	     0
7.6508	     2	1.5883	     0
7.6603	     2	1.5899	     0
7.6697	     3	1.5916	     0
7.6792	     4	1.5933	     0
7.6887	     3	1.5949	     0
7.6981	     3	1.5966	     0
7.7076	     3	1.5982	     0
7.7171	     6	1.5999	     0
7.7266	     2	1.6016	     0
7.7360	     1	1.6032	     0
7.7455	     3	1.6049	     0
7.7550	     3	1.6065	     1
7.7645	     5	1.6082	     0
7.7739	     6	1.6099	     0
7.7834	     5	1.6115	     0
7.7929	     3	1.6132	     0
7.8023	     6	1.6148	     0
7.8118	     5	1.6165	     0
7.8213	     4	1.6182	     0
7.8308	     5	1.6198	     0
7.8402	     1	1.6215	     0
7.8497	     3	1.6231	     0
7.8592	     8	1.6248	     1
7.8687	     5	1.6265	     0
7.8781	     4	1.6281	     0
7.8876	     9	1.6298	     0
7.8971	    10	1.6314	     0
7.9065	     7	1.6331	     0
7.9160	     9	1.6348	     0
7.9255	     7	1.6364	     0
7.9350	     6	1.6381	     0
7.9444	    12	1.6397	     0
7.9539	     6	1.6414	     0
7.9634	    15	1.6431	     0
7.9729	    14	1.6447	     0
7.9823	    11	1.6464	     0
7.9918	    10	1.6480	     0
8.0013	    10	1.6497	     0
8.0107	     8	1.6514	     0
8.0202	    11	1.6530	     0
8.0297	     4	1.6547	     0
8.0392	     8	1.6563	     0
8.0486	     8	1.6580	     1
8.0581	     1	1.6597	     0
8.0676	     8	1.6613	     1
8.0771	     5	1.6630	     0
8.0865	     4	1.6646	     0
8.0960	     3	1.6663	     0
8.1055	     3	1.6680	     0
8.1149	     0	1.6696	     0
8.1244	     2	1.6713	     0
8.1339	     1	1.6729	     0
8.1434	     2	1.6746	     0
8.1528	     1	1.6763	     0
8.1623	     2	1.6779	     0
8.1718	     0	1.6796	     0
8.1813	     1	1.6812	     0
8.1907	     3	1.6829	     0
8.2002	     2	1.6846	     0
8.2097	     0	1.6862	     0
8.2191	     0	1.6879	     0
8.2286	     1	1.6896	     0
8.2381	     1	1.6912	     0
8.2476	     0	1.6929	     0
8.2570	     0	1.6945	     0
8.2665	     0	1.6962	     0
8.2760	     1	1.6979	     0
8.2854	     2	1.6995	     1
8.2949	     0	1.7012	     0
8.3044	     0	1.7028	     0
8.3139	     1	1.7045	     0
8.3233	     0	1.7062	     1
8.3328	     0	1.7078	     0
8.3423	     1	1.7095	     0
8.3518	     0	1.7111	     0
8.3612	     1	1.7128	     0
8.3707	     0	1.7145	     0
8.3802	     0	1.7161	     0
8.3896	     0	1.7178	     0
8.3991	     0	1.7194	     0
8.4086	     1	1.7211	     0
8.4181	     0	1.7228	     0
8.4275	     0	1.7244	     0
8.4370	     0	1.7261	     0
8.4465	     0	1.7277	     0
8.4560	     0	1.7294	     0
8.4654	     0	1.7311	     0
8.4749	     0	1.7327	     0
8.4844	     0	1.7344	     0
8.4938	     0	1.7360	     0
8.5033	     0	1.7377	     0
8.5128	     0	1.7394	     0
8.5223	     0	1.7410	     0
8.5317	     0	1.7427	     0
8.5412	     0	1.7443	     0
8.5507	     0	1.7460	     0
8.5602	     0	1.7477	     0
8.5696	     0	1.7493	     0
8.5791	     0	1.7510	     0
8.5886	     0	1.7526	     0
8.5980	     0	1.7543	     0
8.6075	     0	1.7560	     0
8.6170	     0	1.7576	     0
8.6265	     0	1.7593	     0
8.6359	     0	1.7609	     0
8.6454	     0	1.7626	     0
8.6549	     0	1.7643	     0
8.6644	     0	1.7659	     1
8.6738	     0	1.7676	     0
8.6833	     0	1.7692	     0
8.6928	     0	1.7709	     1
8.7022	     0	1.7726	     0
8.7117	     0	1.7742	     0
8.7212	     0	1.7759	     1
8.7307	     0	1.7775	     0
8.7401	     0	1.7792	     0
8.7496	     0	1.7809	     1
8.7591	     0	1.7825	     0
8.7686	     0	1.7842	     0
8.7780	     0	1.7858	     0
8.7875	     0	1.7875	     0
8.7970	     0	1.7892	     0
8.8064	     0	1.7908	     0
8.8159	     0	1.7925	     0
8.8254	     0	1.7941	     0
8.8349	     0	1.7958	     0
8.8443	     0	1.7975	     0
8.8538	     0	1.7991	     0
8.8633	     0	1.8008	     0
8.8728	     0	1.8024	     0
8.8822	     0	1.8041	     1
8.8917	     0	1.8058	     0
8.9012	     0	1.8074	     0
8.9106	     0	1.8091	     1
8.9201	     0	1.8107	     0
8.9296	     0	1.8124	     0
8.9391	     0	1.8141	     0
8.9485	     0	1.8157	     0
8.9580	     0	1.8174	     0
8.9675	     0	1.8190	     0
8.9770	     0	1.8207	     0
8.9864	     0	1.8224	     0
8.9959	     0	1.8240	     0
9.0054	     0	1.8257	     0
9.0148	     0	1.8273	     0
9.0243	     0	1.8290	     0
9.0338	     0	1.8307	     1
9.0433	     0	1.8323	     0
9.0527	     0	1.8340	     0
9.0622	     0	1.8356	     0
9.0717	     0	1.8373	     0
9.0812	     0	1.8390	     0
9.0906	     0	1.8406	     0
9.1001	     0	1.8423	     0
9.1096	     0	1.8439	     0
9.1190	     0	1.8456	     0
9.1285	     0	1.8473	     1
9.1380	     0	1.8489	     0
9.1475	     0	1.8506	     0
9.1569	     0	1.8522	     0
9.1664	     0	1.8539	     0
9.1759	     0	1.8556	     0
9.1854	     0	1.8572	     2
9.1948	     0	1.8589	     0
9.2043	     0	1.8605	     0
9.2138	     0	1.8622	     0
9.2232	     0	1.8639	     0
9.2327	     0	1.8655	     0
9.2422	     0	1.8672	     1
9.2517	     0	1.8688	     0
9.2611	     0	1.8705	     0
9.2706	     0	1.8722	     0
9.2801	     0	1.8738	     0
9.2896	     0	1.8755	     0
9.2990	     0	1.8771	     0
9.3085	     0	1.8788	     1
9.3180	     0	1.8805	     0
9.3274	     0	1.8821	     0
9.3369	     0	1.8838	     0
9.3464	     0	1.8854	     0
9.3559	     0	1.8871	     1
9.3653	     0	1.8888	     0
9.3748	     0	1.8904	     0
9.3843	     0	1.8921	     1
9.3938	     0	1.8938	     0
9.4032	     0	1.8954	     0
9.4127	     0	1.8971	     0
9.4222	     0	1.8987	     0
9.4316	     0	1.9004	     0
9.4411	     0	1.9021	     0
9.4506	     0	1.9037	     0
9.4601	     0	1.9054	     0
9.4695	     0	1.9070	     0
9.4790	     0	1.9087	     0
9.4885	     0	1.9104	     0
9.4979	     0	1.9120	     0
9.5074	     0	1.9137	     0
9.5169	     0	1.9153	     0
9.5264	     0	1.9170	     0
9.5358	     0	1.9187	     0
9.5453	     0	1.9203	     0
9.5548	     0	1.9220	     0
9.5643	     0	1.9236	     0
9.5737	     0	1.9253	     0
9.5832	     0	1.9270	     0
9.5927	     0	1.9286	     0
9.6021	     0	1.9303	     0
9.6116	     0	1.9319	     0
9.6211	     0	1.9336	     0
9.6306	     0	1.9353	     0
9.6400	     0	1.9369	     0
9.6495	     0	1.9386	     1
9.6590	     0	1.9402	     0
9.6685	     0	1.9419	     0
9.6779	     0	1.9436	     0
9.6874	     0	1.9452	     0
9.6969	     0	1.9469	     0
9.7063	     0	1.9485	     0
9.7158	     0	1.9502	     1
9.7253	     0	1.9519	     0
9.7348	     0	1.9535	     1
9.7442	     0	1.9552	     0
9.7537	     0	1.9568	     0
9.7632	     0	1.9585	     1
9.7727	     0	1.9602	     0
9.7821	     0	1.9618	     0
9.7916	     0	1.9635	     0
9.8011	     0	1.9651	     0
9.8105	     0	1.9668	     0
9.8200	     0	1.9685	     0
9.8295	     0	1.9701	     0
9.8390	     0	1.9718	     0
9.8484	     0	1.9734	     0
9.8579	     0	1.9751	     0
9.8674	     0	1.9768	     0
9.8769	     0	1.9784	     0
9.8863	     0	1.9801	     0
9.8958	     0	1.9817	     1
9.9053	     0	1.9834	     0
9.9147	     0	1.9851	     0
9.9242	     0	1.9867	     0
9.9337	     0	1.9884	     0
9.9432	     0	1.9900	     1
9.9526	     0	1.9917	     0
9.9621	     0	1.9934	     0
9.9716	     0	1.9950	     0
9.9811	     0	1.9967	     0
9.9905	     0	1.9983	     1
