02/02/2016 13:54:06
LT: 12.62

0.0100	933003	0.3000	     0
0.0198	  7515	0.3017	     0
0.0295	  2188	0.3033	     0
0.0393	   216	0.3050	     0
0.0490	    16	0.3066	     0
0.0588	    20	0.3083	     0
0.0685	    17	0.3100	     0
0.0783	    20	0.3116	     0
0.0880	    11	0.3133	     0
0.0978	    24	0.3149	     0
0.1076	    15	0.3166	     0
0.1173	    21	0.3183	     0
0.1271	    27	0.3199	     0
0.1368	    15	0.3216	     0
0.1466	    23	0.3232	     0
0.1563	    24	0.3249	     0
0.1661	    29	0.3266	     0
0.1758	    25	0.3282	     0
0.1856	    20	0.3299	     0
0.1954	    18	0.3315	     0
0.2051	    21	0.3332	     0
0.2149	    27	0.3349	     0
0.2246	    28	0.3365	     0
0.2344	    13	0.3382	     0
0.2441	    24	0.3398	     0
0.2539	    25	0.3415	     0
0.2637	    33	0.3432	     0
0.2734	    35	0.3448	     0
0.2832	    31	0.3465	     0
0.2929	    24	0.3481	     0
0.3027	    23	0.3498	     0
0.3124	    30	0.3515	     0
0.3222	    25	0.3531	     0
0.3319	    35	0.3548	     0
0.3417	    30	0.3564	     0
0.3515	    27	0.3581	     0
0.3612	    35	0.3598	     0
0.3710	    31	0.3614	     0
0.3807	    23	0.3631	     0
0.3905	    33	0.3647	     0
0.4002	    41	0.3664	     0
0.4100	    43	0.3681	     0
0.4197	    50	0.3697	     0
0.4295	    55	0.3714	     0
0.4393	    57	0.3730	     0
0.4490	    44	0.3747	     0
0.4588	    59	0.3764	     0
0.4685	    42	0.3780	     0
0.4783	    39	0.3797	     0
0.4880	    45	0.3813	     0
0.4978	    42	0.3830	     0
0.5075	    44	0.3847	     0
0.5173	    56	0.3863	     0
0.5271	    36	0.3880	     0
0.5368	    52	0.3896	     0
0.5466	    45	0.3913	     0
0.5563	    51	0.3930	     0
0.5661	    48	0.3946	     0
0.5758	    49	0.3963	     0
0.5856	    47	0.3979	     0
0.5954	    45	0.3996	     0
0.6051	    32	0.4013	     0
0.6149	    59	0.4029	     0
0.6246	    55	0.4046	     0
0.6344	    42	0.4063	     0
0.6441	    41	0.4079	     0
0.6539	    48	0.4096	     0
0.6636	    43	0.4112	     0
0.6734	    53	0.4129	     0
0.6832	    49	0.4146	     0
0.6929	    40	0.4162	     0
0.7027	    49	0.4179	     0
0.7124	    45	0.4195	     0
0.7222	    50	0.4212	     0
0.7319	    42	0.4229	     0
0.7417	    69	0.4245	     0
0.7514	    44	0.4262	     1
0.7612	    42	0.4278	     0
0.7710	    43	0.4295	     0
0.7807	    47	0.4312	     0
0.7905	    41	0.4328	     0
0.8002	    53	0.4345	     0
0.8100	    42	0.4361	     0
0.8197	    53	0.4378	     0
0.8295	    40	0.4395	     0
0.8392	    50	0.4411	     0
0.8490	    47	0.4428	     0
0.8588	    38	0.4444	     0
0.8685	    34	0.4461	     0
0.8783	    52	0.4478	     0
0.8880	    50	0.4494	     0
0.8978	    47	0.4511	     0
0.9075	    47	0.4527	     0
0.9173	    44	0.4544	     0
0.9271	    56	0.4561	     0
0.9368	    47	0.4577	     0
0.9466	    38	0.4594	     0
0.9563	    45	0.4610	     0
0.9661	    37	0.4627	     0
0.9758	    51	0.4644	     0
0.9856	    46	0.4660	     0
0.9953	    45	0.4677	     0
1.0051	    53	0.4693	     0
1.0149	    42	0.4710	     0
1.0246	    42	0.4727	     0
1.0344	    64	0.4743	     0
1.0441	    36	0.4760	     0
1.0539	    40	0.4776	     0
1.0636	    42	0.4793	     0
1.0734	    40	0.4810	     0
1.0831	    52	0.4826	     0
1.0929	    51	0.4843	     0
1.1027	    36	0.4859	     0
1.1124	    58	0.4876	     0
1.1222	    62	0.4893	     0
1.1319	    48	0.4909	     0
1.1417	    54	0.4926	     0
1.1514	    54	0.4942	     0
1.1612	    56	0.4959	     0
1.1709	    57	0.4976	     0
1.1807	    48	0.4992	     0
1.1905	    49	0.5009	     0
1.2002	    45	0.5025	     0
1.2100	    55	0.5042	     0
1.2197	    43	0.5059	     0
1.2295	    35	0.5075	     0
1.2392	    46	0.5092	     0
1.2490	    46	0.5108	     0
1.2588	    48	0.5125	     0
1.2685	    43	0.5142	     0
1.2783	    41	0.5158	     0
1.2880	    31	0.5175	     0
1.2978	    43	0.5191	     0
1.3075	    42	0.5208	     0
1.3173	    41	0.5225	     0
1.3270	    47	0.5241	     0
1.3368	    39	0.5258	     0
1.3466	    35	0.5274	     0
1.3563	    40	0.5291	     0
1.3661	    28	0.5308	     0
1.3758	    37	0.5324	     0
1.3856	    36	0.5341	     0
1.3953	    29	0.5357	     0
1.4051	    45	0.5374	     0
1.4148	    31	0.5391	     0
1.4246	    41	0.5407	     0
1.4344	    29	0.5424	     0
1.4441	    35	0.5440	     0
1.4539	    30	0.5457	     0
1.4636	    39	0.5474	     0
1.4734	    43	0.5490	     0
1.4831	    29	0.5507	     0
1.4929	    20	0.5523	     0
1.5026	    26	0.5540	     0
1.5124	    48	0.5557	     0
1.5222	    33	0.5573	     0
1.5319	    35	0.5590	     0
1.5417	    39	0.5606	     0
1.5514	    28	0.5623	     0
1.5612	    17	0.5640	     0
1.5709	    29	0.5656	     0
1.5807	    27	0.5673	     0
1.5904	    27	0.5689	     0
1.6002	    26	0.5706	     0
1.6100	    32	0.5723	     0
1.6197	    26	0.5739	     0
1.6295	    30	0.5756	     0
1.6392	    21	0.5772	     0
1.6490	    25	0.5789	     0
1.6587	    33	0.5806	     0
1.6685	    26	0.5822	     0
1.6783	    22	0.5839	     0
1.6880	    18	0.5855	     0
1.6978	    28	0.5872	     0
1.7075	    30	0.5889	     0
1.7173	    31	0.5905	     0
1.7270	    34	0.5922	     0
1.7368	    29	0.5938	     0
1.7465	    23	0.5955	     0
1.7563	    26	0.5972	     0
1.7661	    36	0.5988	     0
1.7758	    31	0.6005	     0
1.7856	    32	0.6021	     0
1.7953	    31	0.6038	     0
1.8051	    25	0.6055	     0
1.8148	    30	0.6071	     0
1.8246	    29	0.6088	     0
1.8343	    24	0.6104	     0
1.8441	    23	0.6121	     0
1.8539	    22	0.6138	     0
1.8636	    32	0.6154	     0
1.8734	    35	0.6171	     0
1.8831	    21	0.6187	     0
1.8929	    24	0.6204	     0
1.9026	    30	0.6221	     0
1.9124	    32	0.6237	     0
1.9221	    20	0.6254	     0
1.9319	    25	0.6271	     0
1.9417	    25	0.6287	     0
1.9514	    25	0.6304	     0
1.9612	    23	0.6320	     0
1.9709	    16	0.6337	     0
1.9807	    29	0.6354	     0
1.9904	    26	0.6370	     0
2.0002	    37	0.6387	     0
2.0100	    31	0.6403	     0
2.0197	    31	0.6420	     0
2.0295	    27	0.6437	     0
2.0392	    30	0.6453	     0
2.0490	    27	0.6470	     0
2.0587	    26	0.6486	     0
2.0685	    28	0.6503	     0
2.0782	    24	0.6520	     0
2.0880	    18	0.6536	     0
2.0978	    24	0.6553	     0
2.1075	    26	0.6569	     0
2.1173	    25	0.6586	     0
2.1270	    28	0.6603	     0
2.1368	    33	0.6619	     0
2.1465	    31	0.6636	     0
2.1563	    19	0.6652	     0
2.1660	    24	0.6669	     0
2.1758	    20	0.6686	     0
2.1856	    25	0.6702	     0
2.1953	    21	0.6719	     0
2.2051	    30	0.6735	     0
2.2148	    20	0.6752	     0
2.2246	    26	0.6769	     0
2.2343	    19	0.6785	     0
2.2441	    28	0.6802	     0
2.2538	    25	0.6818	     0
2.2636	    25	0.6835	     0
2.2734	    18	0.6852	     0
2.2831	    28	0.6868	     0
2.2929	    22	0.6885	     0
2.3026	    22	0.6901	     0
2.3124	    21	0.6918	     0
2.3221	    27	0.6935	     0
2.3319	    28	0.6951	     0
2.3417	    20	0.6968	     0
2.3514	    16	0.6984	     0
2.3612	    19	0.7001	     0
2.3709	    19	0.7018	     0
2.3807	    34	0.7034	     0
2.3904	    28	0.7051	     0
2.4002	    18	0.7067	     0
2.4099	    20	0.7084	     0
2.4197	    25	0.7101	     0
2.4295	    21	0.7117	     1
2.4392	    21	0.7134	     0
2.4490	    20	0.7150	     0
2.4587	    23	0.7167	     0
2.4685	    15	0.7184	     0
2.4782	    26	0.7200	     0
2.4880	    24	0.7217	     0
2.4977	    23	0.7233	     0
2.5075	    26	0.7250	     0
2.5173	    18	0.7267	     0
2.5270	    24	0.7283	     0
2.5368	    23	0.7300	     0
2.5465	    16	0.7316	     0
2.5563	    27	0.7333	     0
2.5660	    27	0.7350	     0
2.5758	    20	0.7366	     0
2.5855	    34	0.7383	     0
2.5953	    25	0.7399	     0
2.6051	    28	0.7416	     0
2.6148	    24	0.7433	     0
2.6246	    23	0.7449	     0
2.6343	    25	0.7466	     0
2.6441	    28	0.7482	     0
2.6538	     8	0.7499	     0
2.6636	    28	0.7516	     0
2.6733	    14	0.7532	     0
2.6831	    20	0.7549	     0
2.6929	    26	0.7565	     0
2.7026	    17	0.7582	     0
2.7124	    22	0.7599	     0
2.7221	    24	0.7615	     0
2.7319	    21	0.7632	     0
2.7416	    30	0.7648	     0
2.7514	    30	0.7665	     0
2.7612	    28	0.7682	     0
2.7709	    29	0.7698	     0
2.7807	    21	0.7715	     0
2.7904	    29	0.7731	     0
2.8002	    22	0.7748	     0
2.8099	    22	0.7765	     0
2.8197	    19	0.7781	     0
2.8294	    24	0.7798	     0
2.8392	    22	0.7814	     0
2.8490	    24	0.7831	     0
2.8587	    27	0.7848	     0
2.8685	    21	0.7864	     0
2.8782	    28	0.7881	     0
2.8880	    24	0.7897	     0
2.8977	    25	0.7914	     0
2.9075	    33	0.7931	     0
2.9172	    16	0.7947	     0
2.9270	    32	0.7964	     0
2.9368	    30	0.7980	     0
2.9465	    29	0.7997	     0
2.9563	    25	0.8014	     0
2.9660	    27	0.8030	     0
2.9758	    25	0.8047	     0
2.9855	    21	0.8063	     0
2.9953	    32	0.8080	     0
3.0050	    18	0.8097	     0
3.0148	    23	0.8113	     0
3.0246	    20	0.8130	     0
3.0343	    27	0.8146	     0
3.0441	    36	0.8163	     0
3.0538	    23	0.8180	     0
3.0636	    24	0.8196	     0
3.0733	    26	0.8213	     0
3.0831	    27	0.8229	     0
3.0929	    25	0.8246	     0
3.1026	    20	0.8263	     0
3.1124	    26	0.8279	     0
3.1221	    21	0.8296	     0
3.1319	    23	0.8313	     0
3.1416	    29	0.8329	     0
3.1514	    27	0.8346	     0
3.1611	    31	0.8362	     0
3.1709	    28	0.8379	     0
3.1807	    21	0.8396	     0
3.1904	    28	0.8412	     0
3.2002	    31	0.8429	     0
3.2099	    28	0.8445	     0
3.2197	    30	0.8462	     0
3.2294	    19	0.8479	     0
3.2392	    26	0.8495	     0
3.2489	    32	0.8512	     0
3.2587	    27	0.8528	     0
3.2685	    35	0.8545	     0
3.2782	    24	0.8562	     0
3.2880	    32	0.8578	     0
3.2977	    20	0.8595	     0
3.3075	    21	0.8611	     0
3.3172	    24	0.8628	     0
3.3270	    30	0.8645	     0
3.3367	    25	0.8661	     0
3.3465	    18	0.8678	     0
3.3563	    34	0.8694	     0
3.3660	    30	0.8711	     0
3.3758	    16	0.8728	     0
3.3855	    18	0.8744	     0
3.3953	    18	0.8761	     0
3.4050	    27	0.8777	     0
3.4148	    29	0.8794	     0
3.4246	    24	0.8811	     0
3.4343	    28	0.8827	     0
3.4441	    26	0.8844	     0
3.4538	    15	0.8860	     0
3.4636	    25	0.8877	     0
3.4733	    20	0.8894	     0
3.4831	    22	0.8910	     0
3.4928	    30	0.8927	     0
3.5026	    28	0.8943	     0
3.5124	    13	0.8960	     0
3.5221	    31	0.8977	     0
3.5319	    33	0.8993	     0
3.5416	    28	0.9010	     0
3.5514	    20	0.9026	     0
3.5611	    32	0.9043	     0
3.5709	    28	0.9060	     0
3.5806	    29	0.9076	     0
3.5904	    32	0.9093	     0
3.6002	    37	0.9109	     0
3.6099	    30	0.9126	     0
3.6197	    33	0.9143	     0
3.6294	    30	0.9159	     0
3.6392	    37	0.9176	     0
3.6489	    28	0.9192	     0
3.6587	    39	0.9209	     0
3.6684	    29	0.9226	     0
3.6782	    36	0.9242	     0
3.6880	    24	0.9259	     0
3.6977	    30	0.9275	     0
3.7075	    25	0.9292	     1
3.7172	    24	0.9309	     0
3.7270	    42	0.9325	     0
3.7367	    26	0.9342	     0
3.7465	    26	0.9358	     0
3.7562	    30	0.9375	     0
3.7660	    26	0.9392	     0
3.7758	    30	0.9408	     0
3.7855	    31	0.9425	     0
3.7953	    29	0.9441	     0
3.8050	    28	0.9458	     0
3.8148	    22	0.9475	     0
3.8245	    39	0.9491	     0
3.8343	    24	0.9508	     0
3.8441	    32	0.9524	     0
3.8538	    24	0.9541	     0
3.8636	    32	0.9558	     0
3.8733	    40	0.9574	     0
3.8831	    30	0.9591	     0
3.8928	    28	0.9607	     0
3.9026	    15	0.9624	     0
3.9123	    17	0.9641	     0
3.9221	    32	0.9657	     0
3.9319	    27	0.9674	     0
3.9416	    33	0.9690	     0
3.9514	    27	0.9707	     0
3.9611	    26	0.9724	     0
3.9709	    31	0.9740	     0
3.9806	    36	0.9757	     0
3.9904	    25	0.9773	     0
4.0001	    35	0.9790	     0
4.0099	    26	0.9807	     0
4.0197	    32	0.9823	     0
4.0294	    31	0.9840	     0
4.0392	    30	0.9856	     0
4.0489	    41	0.9873	     0
4.0587	    20	0.9890	     0
4.0684	    34	0.9906	     0
4.0782	    36	0.9923	     0
4.0879	    32	0.9939	     0
4.0977	    26	0.9956	     0
4.1075	    40	0.9973	     0
4.1172	    36	0.9989	     0
4.1270	    28	1.0006	     0
4.1367	    27	1.0022	     0
4.1465	    31	1.0039	     0
4.1562	    27	1.0056	     0
4.1660	    34	1.0072	     0
4.1758	    38	1.0089	     0
4.1855	    32	1.0105	     0
4.1953	    36	1.0122	     0
4.2050	    38	1.0139	     0
4.2148	    32	1.0155	     0
4.2245	    45	1.0172	     0
4.2343	    37	1.0188	     0
4.2440	    34	1.0205	     0
4.2538	    31	1.0222	     0
4.2636	    31	1.0238	     0
4.2733	    28	1.0255	     0
4.2831	    30	1.0271	     0
4.2928	    48	1.0288	     0
4.3026	    26	1.0305	     0
4.3123	    31	1.0321	     0
4.3221	    37	1.0338	     0
4.3318	    30	1.0354	     0
4.3416	    36	1.0371	     0
4.3514	    42	1.0388	     0
4.3611	    37	1.0404	     0
4.3709	    45	1.0421	     0
4.3806	    40	1.0438	     0
4.3904	    47	1.0454	     0
4.4001	    31	1.0471	     0
4.4099	    39	1.0487	     0
4.4196	    47	1.0504	     0
4.4294	    30	1.0521	     0
4.4392	    33	1.0537	     0
4.4489	    34	1.0554	     0
4.4587	    37	1.0570	     0
4.4684	    41	1.0587	     0
4.4782	    43	1.0604	     0
4.4879	    39	1.0620	     0
4.4977	    34	1.0637	     0
4.5075	    28	1.0653	     0
4.5172	    39	1.0670	     0
4.5270	    49	1.0687	     0
4.5367	    30	1.0703	     0
4.5465	    30	1.0720	     0
4.5562	    35	1.0736	     0
4.5660	    35	1.0753	     0
4.5757	    39	1.0770	     0
4.5855	    37	1.0786	     0
4.5953	    38	1.0803	     0
4.6050	    36	1.0819	     0
4.6148	    37	1.0836	     0
4.6245	    37	1.0853	     0
4.6343	    36	1.0869	     0
4.6440	    29	1.0886	     0
4.6538	    39	1.0902	     0
4.6635	    31	1.0919	     0
4.6733	    42	1.0936	     0
4.6831	    35	1.0952	     0
4.6928	    52	1.0969	     0
4.7026	    35	1.0985	     0
4.7123	    33	1.1002	     0
4.7221	    39	1.1019	     0
4.7318	    33	1.1035	     0
4.7416	    32	1.1052	     0
4.7513	    36	1.1068	     0
4.7611	    31	1.1085	     0
4.7709	    31	1.1102	     0
4.7806	    33	1.1118	     0
4.7904	    39	1.1135	     0
4.8001	    33	1.1151	     0
4.8099	    31	1.1168	     0
4.8196	    39	1.1185	     0
4.8294	    36	1.1201	     0
4.8392	    37	1.1218	     0
4.8489	    31	1.1234	     0
4.8587	    29	1.1251	     0
4.8684	    35	1.1268	     0
4.8782	    41	1.1284	     0
4.8879	    41	1.1301	     0
4.8977	    34	1.1317	     0
4.9074	    36	1.1334	     0
4.9172	    31	1.1351	     0
4.9270	    48	1.1367	     0
4.9367	    27	1.1384	     0
4.9465	    40	1.1400	     0
4.9562	    32	1.1417	     0
4.9660	    31	1.1434	     0
4.9757	    20	1.1450	     0
4.9855	    34	1.1467	     0
4.9952	    27	1.1483	     0
5.0050	    38	1.1500	     0
5.0148	    43	1.1517	     0
5.0245	    27	1.1533	     0
5.0343	    30	1.1550	     0
5.0440	    26	1.1566	     0
5.0538	    27	1.1583	     0
5.0635	    36	1.1600	     0
5.0733	    42	1.1616	     0
5.0830	    31	1.1633	     0
5.0928	    28	1.1649	     0
5.1026	    27	1.1666	     0
5.1123	    34	1.1683	     0
5.1221	    38	1.1699	     0
5.1318	    29	1.1716	     0
5.1416	    33	1.1732	     0
5.1513	    36	1.1749	     0
5.1611	    30	1.1766	     0
5.1708	    25	1.1782	     0
5.1806	    40	1.1799	     0
5.1904	    32	1.1815	     0
5.2001	    21	1.1832	     0
5.2099	    34	1.1849	     0
5.2196	    44	1.1865	     0
5.2294	    33	1.1882	     0
5.2391	    41	1.1898	     0
5.2489	    42	1.1915	     0
5.2587	    33	1.1932	     0
5.2684	    36	1.1948	     0
5.2782	    43	1.1965	     0
5.2879	    44	1.1981	     0
5.2977	    35	1.1998	     0
5.3074	    31	1.2015	     0
5.3172	    27	1.2031	     0
5.3269	    36	1.2048	     0
5.3367	    35	1.2064	     0
5.3465	    31	1.2081	     0
5.3562	    24	1.2098	     0
5.3660	    34	1.2114	     0
5.3757	    46	1.2131	     0
5.3855	    35	1.2147	     0
5.3952	    34	1.2164	     0
5.4050	    31	1.2181	     0
5.4147	    38	1.2197	     0
5.4245	    44	1.2214	     0
5.4343	    31	1.2230	     0
5.4440	    32	1.2247	     0
5.4538	    43	1.2264	     0
5.4635	    36	1.2280	     0
5.4733	    46	1.2297	     0
5.4830	    33	1.2313	     0
5.4928	    58	1.2330	     0
5.5025	    53	1.2347	     0
5.5123	    57	1.2363	     0
5.5221	    83	1.2380	     0
5.5318	    88	1.2396	     0
5.5416	    97	1.2413	     0
5.5513	   110	1.2430	     0
5.5611	    83	1.2446	     0
5.5708	   114	1.2463	     0
5.5806	   135	1.2479	     0
5.5904	   113	1.2496	     0
5.6001	   149	1.2513	     0
5.6099	   135	1.2529	     0
5.6196	   151	1.2546	     0
5.6294	   163	1.2562	     0
5.6391	   171	1.2579	     0
5.6489	   173	1.2596	     0
5.6586	   160	1.2612	     0
5.6684	   166	1.2629	     0
5.6782	   167	1.2646	     0
5.6879	   170	1.2662	     0
5.6977	   134	1.2679	     0
5.7074	   131	1.2695	     0
5.7172	   135	1.2712	     0
5.7269	   121	1.2729	     0
5.7367	    92	1.2745	     0
5.7464	    97	1.2762	     0
5.7562	    77	1.2778	     0
5.7660	    72	1.2795	     0
5.7757	    69	1.2812	     0
5.7855	    48	1.2828	     0
5.7952	    43	1.2845	     0
5.8050	    34	1.2861	     0
5.8147	    26	1.2878	     0
5.8245	    30	1.2895	     0
5.8342	    28	1.2911	     0
5.8440	    30	1.2928	     0
5.8538	    18	1.2944	     0
5.8635	    26	1.2961	     0
5.8733	    22	1.2978	     0
5.8830	    29	1.2994	     0
5.8928	    30	1.3011	     0
5.9025	    41	1.3027	     0
5.9123	    44	1.3044	     0
5.9221	    57	1.3061	     0
5.9318	    81	1.3077	     0
5.9416	    74	1.3094	     0
5.9513	    76	1.3110	     0
5.9611	   114	1.3127	     0
5.9708	   131	1.3144	     0
5.9806	   169	1.3160	     0
5.9903	   190	1.3177	     0
6.0001	   176	1.3193	     0
6.0099	   207	1.3210	     0
6.0196	   219	1.3227	     0
6.0294	   247	1.3243	     0
6.0391	   228	1.3260	     0
6.0489	   192	1.3276	     0
6.0586	   208	1.3293	     0
6.0684	   168	1.3310	     0
6.0781	   177	1.3326	     0
6.0879	   133	1.3343	     0
6.0977	    92	1.3359	     0
6.1074	    73	1.3376	     0
6.1172	    57	1.3393	     0
6.1269	    36	1.3409	     0
6.1367	    22	1.3426	     0
6.1464	    15	1.3442	     0
6.1562	    11	1.3459	     0
6.1659	     9	1.3476	     0
6.1757	     7	1.3492	     0
6.1855	    10	1.3509	     0
6.1952	     4	1.3525	     0
6.2050	     2	1.3542	     0
6.2147	     3	1.3559	     0
6.2245	     4	1.3575	     0
6.2342	     4	1.3592	     0
6.2440	     3	1.3608	     0
6.2538	     2	1.3625	     0
6.2635	     2	1.3642	     0
6.2733	     2	1.3658	     0
6.2830	     0	1.3675	     0
6.2928	     4	1.3691	     0
6.3025	     2	1.3708	     0
6.3123	     4	1.3725	     1
6.3220	     3	1.3741	     0
6.3318	     0	1.3758	     0
6.3416	     1	1.3774	     0
6.3513	     2	1.3791	     0
6.3611	     0	1.3808	     0
6.3708	     3	1.3824	     0
6.3806	     1	1.3841	     0
6.3903	     0	1.3857	     0
6.4001	     1	1.3874	     0
6.4098	     1	1.3891	     0
6.4196	     1	1.3907	     0
6.4294	     1	1.3924	     0
6.4391	     0	1.3940	     0
6.4489	     1	1.3957	     0
6.4586	     1	1.3974	     0
6.4684	     0	1.3990	     0
6.4781	     0	1.4007	     0
6.4879	     2	1.4023	     0
6.4976	     0	1.4040	     0
6.5074	     0	1.4057	     0
6.5172	     0	1.4073	     0
6.5269	     0	1.4090	     0
6.5367	     1	1.4106	     0
6.5464	     1	1.4123	     0
6.5562	     0	1.4140	     0
6.5659	     0	1.4156	     0
6.5757	     0	1.4173	     0
6.5854	     0	1.4189	     0
6.5952	     0	1.4206	     0
6.6050	     1	1.4223	     0
6.6147	     0	1.4239	     0
6.6245	     0	1.4256	     0
6.6342	     0	1.4272	     0
6.6440	     0	1.4289	     0
6.6537	     0	1.4306	     0
6.6635	     0	1.4322	     0
6.6733	     0	1.4339	     0
6.6830	     0	1.4355	     0
6.6928	     0	1.4372	     0
6.7025	     0	1.4389	     0
6.7123	     0	1.4405	     0
6.7220	     0	1.4422	     0
6.7318	     0	1.4438	     0
6.7415	     0	1.4455	     0
6.7513	     0	1.4472	     0
6.7611	     0	1.4488	     0
6.7708	     0	1.4505	     0
6.7806	     0	1.4521	     0
6.7903	     0	1.4538	     0
6.8001	     0	1.4555	     0
6.8098	     0	1.4571	     0
6.8196	     0	1.4588	     0
6.8293	     0	1.4604	     0
6.8391	     1	1.4621	     0
6.8489	     0	1.4638	     0
6.8586	     0	1.4654	     0
6.8684	     0	1.4671	     0
6.8781	     0	1.4688	     0
6.8879	     0	1.4704	     0
6.8976	     0	1.4721	     0
6.9074	     0	1.4737	     0
6.9171	     0	1.4754	     0
6.9269	     0	1.4771	     0
6.9367	     0	1.4787	     0
6.9464	     0	1.4804	     0
6.9562	     0	1.4820	     0
6.9659	     0	1.4837	     0
6.9757	     0	1.4854	     0
6.9854	     0	1.4870	     0
6.9952	     0	1.4887	     0
7.0050	     0	1.4903	     0
7.0147	     0	1.4920	     0
7.0245	     0	1.4937	     0
7.0342	     0	1.4953	     0
7.0440	     0	1.4970	     0
7.0537	     0	1.4986	     0
7.0635	     0	1.5003	     0
7.0732	     0	1.5020	     0
7.0830	     0	1.5036	     0
7.0928	     0	1.5053	     0
7.1025	     0	1.5069	     0
7.1123	     0	1.5086	     0
7.1220	     0	1.5103	     0
7.1318	     0	1.5119	     0
7.1415	     0	1.5136	     0
7.1513	     0	1.5152	     0
7.1610	     0	1.5169	     0
7.1708	     0	1.5186	     0
7.1806	     0	1.5202	     0
7.1903	     1	1.5219	     0
7.2001	     0	1.5235	     0
7.2098	     0	1.5252	     0
7.2196	     0	1.5269	     0
7.2293	     1	1.5285	     0
7.2391	     0	1.5302	     0
7.2488	     0	1.5318	     0
7.2586	     0	1.5335	     0
7.2684	     0	1.5352	     0
7.2781	     0	1.5368	     0
7.2879	     0	1.5385	     0
7.2976	     0	1.5401	     0
7.3074	     0	1.5418	     0
7.3171	     1	1.5435	     0
7.3269	     0	1.5451	     0
7.3367	     0	1.5468	     0
7.3464	     0	1.5484	     0
7.3562	     0	1.5501	     0
7.3659	     0	1.5518	     0
7.3757	     0	1.5534	     0
7.3854	     0	1.5551	     0
7.3952	     0	1.5567	     0
7.4049	     0	1.5584	     0
7.4147	     0	1.5601	     0
7.4245	     1	1.5617	     0
7.4342	     0	1.5634	     0
7.4440	     0	1.5650	     0
7.4537	     0	1.5667	     0
7.4635	     0	1.5684	     0
7.4732	     0	1.5700	     0
7.4830	     0	1.5717	     0
7.4927	     0	1.5733	     0
7.5025	     0	1.5750	     0
7.5123	     0	1.5767	     0
7.5220	     0	1.5783	     0
7.5318	     0	1.5800	     0
7.5415	     0	1.5816	     0
7.5513	     0	1.5833	     0
7.5610	     0	1.5850	     0
7.5708	     0	1.5866	     0
7.5805	     0	1.5883	     0
7.5903	     0	1.5899	     0
7.6001	     0	1.5916	     0
7.6098	     0	1.5933	     0
7.6196	     0	1.5949	     0
7.6293	     0	1.5966	     0
7.6391	     0	1.5982	     0
7.6488	     0	1.5999	     0
7.6586	     0	1.6016	     1
7.6683	     1	1.6032	     0
7.6781	     0	1.6049	     0
7.6879	     0	1.6065	     0
7.6976	     0	1.6082	     0
7.7074	     0	1.6099	     0
7.7171	     0	1.6115	     0
7.7269	     0	1.6132	     0
7.7366	     0	1.6148	     0
7.7464	     0	1.6165	     0
7.7562	     0	1.6182	     0
7.7659	     0	1.6198	     0
7.7757	     0	1.6215	     0
7.7854	     0	1.6231	     0
7.7952	     0	1.6248	     0
7.8049	     1	1.6265	     0
7.8147	     0	1.6281	     0
7.8244	     0	1.6298	     0
7.8342	     0	1.6314	     0
7.8440	     2	1.6331	     0
7.8537	     0	1.6348	     0
7.8635	     0	1.6364	     0
7.8732	     0	1.6381	     0
7.8830	     0	1.6397	     0
7.8927	     2	1.6414	     0
7.9025	     0	1.6431	     0
7.9122	     0	1.6447	     0
7.9220	     0	1.6464	     0
7.9318	     1	1.6480	     0
7.9415	     0	1.6497	     0
7.9513	     1	1.6514	     0
7.9610	     2	1.6530	     0
7.9708	     0	1.6547	     0
7.9805	     0	1.6563	     0
7.9903	     0	1.6580	     0
8.0000	     0	1.6597	     0
8.0098	     0	1.6613	     0
8.0196	     0	1.6630	     0
8.0293	     0	1.6646	     0
8.0391	     0	1.6663	     0
8.0488	     0	1.6680	     0
8.0586	     0	1.6696	     0
8.0683	     0	1.6713	     0
8.0781	     0	1.6729	     0
8.0879	     0	1.6746	     0
8.0976	     0	1.6763	     0
8.1074	     0	1.6779	     0
8.1171	     1	1.6796	     0
8.1269	     0	1.6812	     0
8.1366	     0	1.6829	     0
8.1464	     0	1.6846	     0
8.1561	     0	1.6862	     0
8.1659	     0	1.6879	     0
8.1757	     0	1.6896	     0
8.1854	     0	1.6912	     0
8.1952	     0	1.6929	     0
8.2049	     0	1.6945	     0
8.2147	     0	1.6962	     0
8.2244	     0	1.6979	     0
8.2342	     0	1.6995	     0
8.2439	     0	1.7012	     0
8.2537	     0	1.7028	     0
8.2635	     0	1.7045	     0
8.2732	     0	1.7062	     0
8.2830	     0	1.7078	     0
8.2927	     0	1.7095	     0
8.3025	     0	1.7111	     0
8.3122	     0	1.7128	     0
8.3220	     0	1.7145	     0
8.3317	     0	1.7161	     0
8.3415	     0	1.7178	     0
8.3513	     0	1.7194	     0
8.3610	     0	1.7211	     0
8.3708	     0	1.7228	     0
8.3805	     0	1.7244	     0
8.3903	     0	1.7261	     0
8.4000	     0	1.7277	     0
8.4098	     0	1.7294	     0
8.4196	     0	1.7311	     0
8.4293	     0	1.7327	     0
8.4391	     0	1.7344	     0
8.4488	     0	1.7360	     0
8.4586	     0	1.7377	     0
8.4683	     0	1.7394	     0
8.4781	     0	1.7410	     0
8.4878	     0	1.7427	     0
8.4976	     0	1.7443	     0
8.5074	     0	1.7460	     0
8.5171	     0	1.7477	     0
8.5269	     0	1.7493	     0
8.5366	     0	1.7510	     0
8.5464	     0	1.7526	     0
8.5561	     0	1.7543	     0
8.5659	     0	1.7560	     0
8.5756	     0	1.7576	     0
8.5854	     0	1.7593	     0
8.5952	     0	1.7609	     0
8.6049	     0	1.7626	     0
8.6147	     0	1.7643	     0
8.6244	     0	1.7659	     0
8.6342	     0	1.7676	     0
8.6439	     0	1.7692	     0
8.6537	     0	1.7709	     0
8.6634	     0	1.7726	     0
8.6732	     0	1.7742	     0
8.6830	     0	1.7759	     0
8.6927	     0	1.7775	     0
8.7025	     0	1.7792	     0
8.7122	     0	1.7809	     0
8.7220	     0	1.7825	     0
8.7317	     0	1.7842	     0
8.7415	     0	1.7858	     0
8.7513	     0	1.7875	     0
8.7610	     0	1.7892	     0
8.7708	     0	1.7908	     0
8.7805	     0	1.7925	     0
8.7903	     0	1.7941	     1
8.8000	     0	1.7958	     0
8.8098	     0	1.7975	     0
8.8195	     0	1.7991	     0
8.8293	     0	1.8008	     0
8.8391	     0	1.8024	     0
8.8488	     0	1.8041	     0
8.8586	     0	1.8058	     0
8.8683	     0	1.8074	     0
8.8781	     0	1.8091	     0
8.8878	     0	1.8107	     0
8.8976	     0	1.8124	     0
8.9073	     0	1.8141	     0
8.9171	     0	1.8157	     0
8.9269	     0	1.8174	     0
8.9366	     0	1.8190	     0
8.9464	     0	1.8207	     0
8.9561	     0	1.8224	     0
8.9659	     0	1.8240	     0
8.9756	     0	1.8257	     0
8.9854	     0	1.8273	     0
8.9951	     0	1.8290	     0
9.0049	     0	1.8307	     0
9.0147	     0	1.8323	     0
9.0244	     0	1.8340	     0
9.0342	     0	1.8356	     0
9.0439	     0	1.8373	     0
9.0537	     0	1.8390	     0
9.0634	     0	1.8406	     0
9.0732	     0	1.8423	     0
9.0829	     0	1.8439	     0
9.0927	     0	1.8456	     0
9.1025	     0	1.8473	     0
9.1122	     0	1.8489	     0
9.1220	     0	1.8506	     0
9.1317	     0	1.8522	     0
9.1415	     0	1.8539	     0
9.1512	     0	1.8556	     0
9.1610	     0	1.8572	     0
9.1708	     0	1.8589	     0
9.1805	     0	1.8605	     0
9.1903	     0	1.8622	     0
9.2000	     0	1.8639	     0
9.2098	     0	1.8655	     0
9.2195	     0	1.8672	     0
9.2293	     0	1.8688	     0
9.2390	     0	1.8705	     0
9.2488	     0	1.8722	     0
9.2586	     0	1.8738	     0
9.2683	     0	1.8755	     0
9.2781	     0	1.8771	     0
9.2878	     0	1.8788	     0
9.2976	     0	1.8805	     0
9.3073	     0	1.8821	     0
9.3171	     0	1.8838	     0
9.3268	     0	1.8854	     0
9.3366	     0	1.8871	     0
9.3464	     0	1.8888	     0
9.3561	     0	1.8904	     0
9.3659	     0	1.8921	     0
9.3756	     0	1.8938	     0
9.3854	     0	1.8954	     0
9.3951	     0	1.8971	     0
9.4049	     0	1.8987	     0
9.4146	     0	1.9004	     0
9.4244	     0	1.9021	     0
9.4342	     0	1.9037	     0
9.4439	     0	1.9054	     0
9.4537	     0	1.9070	     0
9.4634	     0	1.9087	     0
9.4732	     0	1.9104	     0
9.4829	     0	1.9120	     0
9.4927	     0	1.9137	     0
9.5025	     0	1.9153	     0
9.5122	     0	1.9170	     0
9.5220	     0	1.9187	     0
9.5317	     0	1.9203	     0
9.5415	     0	1.9220	     0
9.5512	     0	1.9236	     0
9.5610	     0	1.9253	     0
9.5707	     0	1.9270	     0
9.5805	     0	1.9286	     0
9.5903	     0	1.9303	     0
9.6000	     0	1.9319	     0
9.6098	     0	1.9336	     0
9.6195	     0	1.9353	     0
9.6293	     0	1.9369	     0
9.6390	     0	1.9386	     0
9.6488	     0	1.9402	     0
9.6585	     0	1.9419	     0
9.6683	     0	1.9436	     0
9.6781	     0	1.9452	     0
9.6878	     0	1.9469	     0
9.6976	     0	1.9485	     0
9.7073	     0	1.9502	     0
9.7171	     0	1.9519	     0
9.7268	     0	1.9535	     0
9.7366	     0	1.9552	     0
9.7463	     0	1.9568	     0
9.7561	     0	1.9585	     0
9.7659	     0	1.9602	     0
9.7756	     0	1.9618	     0
9.7854	     0	1.9635	     0
9.7951	     0	1.9651	     0
9.8049	     0	1.9668	     0
9.8146	     0	1.9685	     0
9.8244	     0	1.9701	     0
9.8342	     0	1.9718	     0
9.8439	     0	1.9734	     0
9.8537	     0	1.9751	     0
9.8634	     0	1.9768	     0
9.8732	     0	1.9784	     0
9.8829	     0	1.9801	     0
9.8927	     0	1.9817	     0
9.9024	     0	1.9834	     0
9.9122	     0	1.9851	     0
9.9220	     0	1.9867	     0
9.9317	     0	1.9884	     0
9.9415	     0	1.9900	     0
9.9512	     0	1.9917	     0
9.9610	     0	1.9934	     0
9.9707	     0	1.9950	     0
9.9805	     0	1.9967	     0
9.9902	     0	1.9983	     0
