02/03/2016 16:50:55
LT: 200.15

0.3000	   187	0.3000	     0
0.3046	   211	0.3017	     0
0.3092	   192	0.3033	     0
0.3138	   209	0.3050	     0
0.3184	   221	0.3066	     0
0.3229	   214	0.3083	     0
0.3275	   249	0.3100	     0
0.3321	   227	0.3116	     0
0.3367	   232	0.3133	     0
0.3413	   242	0.3149	     0
0.3459	   258	0.3166	     0
0.3505	   222	0.3183	     0
0.3551	   254	0.3199	     0
0.3597	   246	0.3216	     0
0.3643	   272	0.3232	     0
0.3688	   261	0.3249	     0
0.3734	   252	0.3266	     0
0.3780	   258	0.3282	     0
0.3826	   279	0.3299	     0
0.3872	   272	0.3315	     0
0.3918	   260	0.3332	     0
0.3964	   299	0.3349	     0
0.4010	   270	0.3365	     0
0.4056	   257	0.3382	     0
0.4102	   309	0.3398	     0
0.4147	   308	0.3415	     0
0.4193	   290	0.3432	     0
0.4239	   298	0.3448	     0
0.4285	   287	0.3465	     0
0.4331	   269	0.3481	     0
0.4377	   250	0.3498	     0
0.4423	   260	0.3515	     0
0.4469	   278	0.3531	     0
0.4515	   297	0.3548	     0
0.4561	   274	0.3564	     0
0.4606	   290	0.3581	     0
0.4652	   291	0.3598	     0
0.4698	   327	0.3614	     0
0.4744	   332	0.3631	     1
0.4790	   312	0.3647	     0
0.4836	   271	0.3664	     0
0.4882	   305	0.3681	     0
0.4928	   303	0.3697	     0
0.4974	   302	0.3714	     0
0.5020	   292	0.3730	     0
0.5065	   305	0.3747	     0
0.5111	   302	0.3764	     1
0.5157	   333	0.3780	     0
0.5203	   283	0.3797	     0
0.5249	   302	0.3813	     0
0.5295	   325	0.3830	     0
0.5341	   293	0.3847	     0
0.5387	   312	0.3863	     0
0.5433	   286	0.3880	     0
0.5479	   297	0.3896	     0
0.5524	   311	0.3913	     0
0.5570	   281	0.3930	     0
0.5616	   310	0.3946	     0
0.5662	   302	0.3963	     1
0.5708	   307	0.3979	     0
0.5754	   311	0.3996	     1
0.5800	   294	0.4013	     0
0.5846	   294	0.4029	     0
0.5892	   290	0.4046	     0
0.5938	   289	0.4063	     0
0.5983	   270	0.4079	     0
0.6029	   293	0.4096	     0
0.6075	   302	0.4112	     0
0.6121	   313	0.4129	     0
0.6167	   293	0.4146	     0
0.6213	   317	0.4162	     0
0.6259	   290	0.4179	     0
0.6305	   322	0.4195	     0
0.6351	   274	0.4212	     0
0.6396	   307	0.4229	     0
0.6442	   320	0.4245	     0
0.6488	   290	0.4262	     0
0.6534	   295	0.4278	     0
0.6580	   303	0.4295	     0
0.6626	   285	0.4312	     0
0.6672	   306	0.4328	     0
0.6718	   316	0.4345	     0
0.6764	   298	0.4361	     0
0.6810	   285	0.4378	     0
0.6855	   328	0.4395	     0
0.6901	   285	0.4411	     0
0.6947	   278	0.4428	     0
0.6993	   293	0.4444	     0
0.7039	   326	0.4461	     0
0.7085	   273	0.4478	     0
0.7131	   270	0.4494	     0
0.7177	   280	0.4511	     0
0.7223	   292	0.4527	     0
0.7269	   266	0.4544	     0
0.7314	   250	0.4561	     1
0.7360	   277	0.4577	     0
0.7406	   270	0.4594	     0
0.7452	   269	0.4610	     0
0.7498	   275	0.4627	     0
0.7544	   248	0.4644	     0
0.7590	   278	0.4660	     0
0.7636	   310	0.4677	     0
0.7682	   274	0.4693	     0
0.7728	   270	0.4710	     0
0.7773	   276	0.4727	     0
0.7819	   289	0.4743	     0
0.7865	   256	0.4760	     0
0.7911	   258	0.4776	     0
0.7957	   263	0.4793	     0
0.8003	   281	0.4810	     1
0.8049	   274	0.4826	     0
0.8095	   262	0.4843	     0
0.8141	   266	0.4859	     0
0.8187	   276	0.4876	     0
0.8232	   259	0.4893	     0
0.8278	   271	0.4909	     0
0.8324	   257	0.4926	     0
0.8370	   277	0.4942	     1
0.8416	   270	0.4959	     0
0.8462	   277	0.4976	     0
0.8508	   249	0.4992	     0
0.8554	   295	0.5009	     0
0.8600	   236	0.5025	     0
0.8646	   261	0.5042	     0
0.8691	   255	0.5059	     0
0.8737	   251	0.5075	     0
0.8783	   255	0.5092	     1
0.8829	   303	0.5108	     0
0.8875	   256	0.5125	     0
0.8921	   284	0.5142	     0
0.8967	   277	0.5158	     0
0.9013	   278	0.5175	     0
0.9059	   259	0.5191	     0
0.9104	   278	0.5208	     0
0.9150	   298	0.5225	     0
0.9196	   290	0.5241	     0
0.9242	   294	0.5258	     0
0.9288	   295	0.5274	     1
0.9334	   261	0.5291	     0
0.9380	   303	0.5308	     0
0.9426	   273	0.5324	     0
0.9472	   274	0.5341	     0
0.9518	   291	0.5357	     0
0.9563	   284	0.5374	     0
0.9609	   300	0.5391	     1
0.9655	   278	0.5407	     0
0.9701	   285	0.5424	     0
0.9747	   292	0.5440	     0
0.9793	   272	0.5457	     0
0.9839	   278	0.5474	     0
0.9885	   273	0.5490	     0
0.9931	   258	0.5507	     0
0.9977	   268	0.5523	     0
1.0022	   263	0.5540	     0
1.0068	   267	0.5557	     0
1.0114	   279	0.5573	     0
1.0160	   287	0.5590	     0
1.0206	   270	0.5606	     1
1.0252	   281	0.5623	     0
1.0298	   245	0.5640	     0
1.0344	   254	0.5656	     0
1.0390	   273	0.5673	     0
1.0436	   269	0.5689	     0
1.0481	   242	0.5706	     0
1.0527	   263	0.5723	     0
1.0573	   250	0.5739	     1
1.0619	   274	0.5756	     0
1.0665	   236	0.5772	     0
1.0711	   232	0.5789	     0
1.0757	   274	0.5806	     0
1.0803	   251	0.5822	     0
1.0849	   266	0.5839	     0
1.0895	   255	0.5855	     0
1.0940	   253	0.5872	     0
1.0986	   247	0.5889	     0
1.1032	   241	0.5905	     0
1.1078	   226	0.5922	     0
1.1124	   254	0.5938	     0
1.1170	   244	0.5955	     0
1.1216	   233	0.5972	     0
1.1262	   263	0.5988	     0
1.1308	   252	0.6005	     0
1.1354	   232	0.6021	     0
1.1399	   265	0.6038	     0
1.1445	   257	0.6055	     0
1.1491	   254	0.6071	     0
1.1537	   243	0.6088	     0
1.1583	   244	0.6104	     0
1.1629	   245	0.6121	     1
1.1675	   263	0.6138	     0
1.1721	   238	0.6154	     0
1.1767	   228	0.6171	     0
1.1813	   237	0.6187	     0
1.1858	   220	0.6204	     0
1.1904	   251	0.6221	     0
1.1950	   204	0.6237	     0
1.1996	   225	0.6254	     0
1.2042	   256	0.6271	     0
1.2088	   211	0.6287	     0
1.2134	   225	0.6304	     0
1.2180	   219	0.6320	     0
1.2226	   211	0.6337	     0
1.2271	   215	0.6354	     0
1.2317	   227	0.6370	     0
1.2363	   208	0.6387	     0
1.2409	   233	0.6403	     0
1.2455	   213	0.6420	     0
1.2501	   196	0.6437	     0
1.2547	   215	0.6453	     0
1.2593	   231	0.6470	     0
1.2639	   165	0.6486	     0
1.2685	   195	0.6503	     0
1.2730	   188	0.6520	     0
1.2776	   176	0.6536	     0
1.2822	   194	0.6553	     0
1.2868	   198	0.6569	     0
1.2914	   195	0.6586	     0
1.2960	   205	0.6603	     0
1.3006	   185	0.6619	     0
1.3052	   194	0.6636	     0
1.3098	   190	0.6652	     0
1.3144	   183	0.6669	     0
1.3189	   200	0.6686	     1
1.3235	   186	0.6702	     0
1.3281	   171	0.6719	     0
1.3327	   182	0.6735	     0
1.3373	   231	0.6752	     0
1.3419	   213	0.6769	     0
1.3465	   169	0.6785	     0
1.3511	   189	0.6802	     0
1.3557	   232	0.6818	     0
1.3603	   198	0.6835	     0
1.3648	   182	0.6852	     1
1.3694	   190	0.6868	     0
1.3740	   183	0.6885	     0
1.3786	   179	0.6901	     0
1.3832	   179	0.6918	     0
1.3878	   193	0.6935	     0
1.3924	   193	0.6951	     0
1.3970	   184	0.6968	     0
1.4016	   166	0.6984	     0
1.4062	   168	0.7001	     0
1.4107	   169	0.7018	     0
1.4153	   193	0.7034	     0
1.4199	   162	0.7051	     0
1.4245	   200	0.7067	     0
1.4291	   186	0.7084	     0
1.4337	   204	0.7101	     0
1.4383	   193	0.7117	     0
1.4429	   177	0.7134	     0
1.4475	   174	0.7150	     0
1.4521	   192	0.7167	     0
1.4566	   177	0.7184	     0
1.4612	   196	0.7200	     0
1.4658	   188	0.7217	     0
1.4704	   178	0.7233	     1
1.4750	   192	0.7250	     0
1.4796	   165	0.7267	     0
1.4842	   156	0.7283	     0
1.4888	   168	0.7300	     0
1.4934	   158	0.7316	     0
1.4979	   186	0.7333	     0
1.5025	   170	0.7350	     0
1.5071	   166	0.7366	     0
1.5117	   172	0.7383	     0
1.5163	   198	0.7399	     0
1.5209	   177	0.7416	     0
1.5255	   164	0.7433	     0
1.5301	   159	0.7449	     0
1.5347	   166	0.7466	     0
1.5393	   185	0.7482	     0
1.5438	   197	0.7499	     0
1.5484	   182	0.7516	     0
1.5530	   195	0.7532	     0
1.5576	   170	0.7549	     0
1.5622	   191	0.7565	     0
1.5668	   169	0.7582	     0
1.5714	   191	0.7599	     0
1.5760	   163	0.7615	     0
1.5806	   168	0.7632	     0
1.5852	   163	0.7648	     0
1.5897	   172	0.7665	     0
1.5943	   181	0.7682	     0
1.5989	   167	0.7698	     0
1.6035	   166	0.7715	     0
1.6081	   144	0.7731	     0
1.6127	   184	0.7748	     0
1.6173	   167	0.7765	     0
1.6219	   157	0.7781	     0
1.6265	   166	0.7798	     0
1.6311	   160	0.7814	     0
1.6356	   161	0.7831	     0
1.6402	   165	0.7848	     0
1.6448	   158	0.7864	     0
1.6494	   202	0.7881	     1
1.6540	   177	0.7897	     0
1.6586	   164	0.7914	     0
1.6632	   155	0.7931	     0
1.6678	   180	0.7947	     0
1.6724	   146	0.7964	     0
1.6770	   156	0.7980	     0
1.6815	   176	0.7997	     0
1.6861	   189	0.8014	     0
1.6907	   165	0.8030	     0
1.6953	   155	0.8047	     0
1.6999	   164	0.8063	     0
1.7045	   167	0.8080	     0
1.7091	   142	0.8097	     0
1.7137	   152	0.8113	     0
1.7183	   149	0.8130	     0
1.7229	   200	0.8146	     0
1.7274	   171	0.8163	     0
1.7320	   156	0.8180	     0
1.7366	   147	0.8196	     0
1.7412	   165	0.8213	     0
1.7458	   178	0.8229	     0
1.7504	   175	0.8246	     0
1.7550	   161	0.8263	     0
1.7596	   160	0.8279	     0
1.7642	   164	0.8296	     0
1.7688	   166	0.8313	     0
1.7733	   151	0.8329	     0
1.7779	   183	0.8346	     0
1.7825	   141	0.8362	     0
1.7871	   184	0.8379	     0
1.7917	   154	0.8396	     0
1.7963	   159	0.8412	     0
1.8009	   156	0.8429	     0
1.8055	   160	0.8445	     0
1.8101	   163	0.8462	     0
1.8146	   160	0.8479	     0
1.8192	   159	0.8495	     0
1.8238	   157	0.8512	     0
1.8284	   172	0.8528	     0
1.8330	   158	0.8545	     0
1.8376	   174	0.8562	     0
1.8422	   172	0.8578	     0
1.8468	   157	0.8595	     0
1.8514	   172	0.8611	     0
1.8560	   166	0.8628	     0
1.8605	   158	0.8645	     0
1.8651	   162	0.8661	     0
1.8697	   168	0.8678	     0
1.8743	   171	0.8694	     0
1.8789	   144	0.8711	     0
1.8835	   173	0.8728	     0
1.8881	   156	0.8744	     0
1.8927	   156	0.8761	     1
1.8973	   164	0.8777	     0
1.9019	   170	0.8794	     0
1.9064	   172	0.8811	     0
1.9110	   148	0.8827	     1
1.9156	   132	0.8844	     0
1.9202	   179	0.8860	     0
1.9248	   153	0.8877	     0
1.9294	   156	0.8894	     0
1.9340	   168	0.8910	     0
1.9386	   147	0.8927	     0
1.9432	   146	0.8943	     0
1.9478	   187	0.8960	     0
1.9523	   171	0.8977	     1
1.9569	   155	0.8993	     0
1.9615	   156	0.9010	     0
1.9661	   168	0.9026	     0
1.9707	   164	0.9043	     0
1.9753	   152	0.9060	     0
1.9799	   155	0.9076	     0
1.9845	   185	0.9093	     0
1.9891	   174	0.9109	     0
1.9937	   145	0.9126	     0
1.9982	   183	0.9143	     0
2.0028	   169	0.9159	     0
2.0074	   160	0.9176	     0
2.0120	   182	0.9192	     0
2.0166	   151	0.9209	     0
2.0212	   199	0.9226	     0
2.0258	   180	0.9242	     0
2.0304	   146	0.9259	     0
2.0350	   178	0.9275	     0
2.0396	   176	0.9292	     0
2.0441	   156	0.9309	     0
2.0487	   149	0.9325	     0
2.0533	   177	0.9342	     0
2.0579	   167	0.9358	     0
2.0625	   159	0.9375	     0
2.0671	   161	0.9392	     0
2.0717	   165	0.9408	     0
2.0763	   153	0.9425	     0
2.0809	   159	0.9441	     0
2.0854	   135	0.9458	     0
2.0900	   170	0.9475	     0
2.0946	   150	0.9491	     0
2.0992	   155	0.9508	     0
2.1038	   148	0.9524	     0
2.1084	   133	0.9541	     0
2.1130	   153	0.9558	     0
2.1176	   141	0.9574	     0
2.1222	   161	0.9591	     0
2.1268	   129	0.9607	     0
2.1313	   129	0.9624	     0
2.1359	   148	0.9641	     0
2.1405	   123	0.9657	     0
2.1451	   118	0.9674	     0
2.1497	   103	0.9690	     0
2.1543	   135	0.9707	     0
2.1589	   111	0.9724	     1
2.1635	   113	0.9740	     0
2.1681	   116	0.9757	     0
2.1727	   111	0.9773	     0
2.1772	   100	0.9790	     0
2.1818	   113	0.9807	     0
2.1864	    95	0.9823	     0
2.1910	   118	0.9840	     0
2.1956	   102	0.9856	     0
2.2002	    88	0.9873	     0
2.2048	    94	0.9890	     0
2.2094	    95	0.9906	     0
2.2140	   101	0.9923	     0
2.2186	   108	0.9939	     0
2.2231	    91	0.9956	     1
2.2277	   107	0.9973	     0
2.2323	    80	0.9989	     0
2.2369	    76	1.0006	     0
2.2415	    98	1.0022	     0
2.2461	    67	1.0039	     0
2.2507	    73	1.0056	     0
2.2553	    71	1.0072	     0
2.2599	    81	1.0089	     0
2.2645	    79	1.0105	     0
2.2690	    79	1.0122	     0
2.2736	    88	1.0139	     0
2.2782	    80	1.0155	     0
2.2828	    80	1.0172	     0
2.2874	    76	1.0188	     0
2.2920	    78	1.0205	     1
2.2966	    59	1.0222	     0
2.3012	    68	1.0238	     0
2.3058	    59	1.0255	     0
2.3104	    88	1.0271	     0
2.3149	    75	1.0288	     0
2.3195	    71	1.0305	     0
2.3241	    62	1.0321	     0
2.3287	    73	1.0338	     0
2.3333	    68	1.0354	     0
2.3379	    60	1.0371	     0
2.3425	    45	1.0388	     0
2.3471	    52	1.0404	     0
2.3517	    61	1.0421	     0
2.3562	    70	1.0438	     0
2.3608	    54	1.0454	     0
2.3654	    69	1.0471	     0
2.3700	    50	1.0487	     1
2.3746	    68	1.0504	     0
2.3792	    64	1.0521	     0
2.3838	    44	1.0537	     0
2.3884	    65	1.0554	     0
2.3930	    62	1.0570	     0
2.3976	    55	1.0587	     0
2.4021	    68	1.0604	     0
2.4067	    58	1.0620	     0
2.4113	    79	1.0637	     0
2.4159	    50	1.0653	     0
2.4205	    60	1.0670	     0
2.4251	    54	1.0687	     0
2.4297	    56	1.0703	     0
2.4343	    59	1.0720	     0
2.4389	    59	1.0736	     0
2.4435	    56	1.0753	     0
2.4480	    46	1.0770	     0
2.4526	    48	1.0786	     0
2.4572	    59	1.0803	     0
2.4618	    48	1.0819	     0
2.4664	    45	1.0836	     0
2.4710	    51	1.0853	     0
2.4756	    51	1.0869	     0
2.4802	    56	1.0886	     0
2.4848	    59	1.0902	     0
2.4894	    53	1.0919	     0
2.4939	    38	1.0936	     0
2.4985	    56	1.0952	     0
2.5031	    58	1.0969	     0
2.5077	    49	1.0985	     0
2.5123	    59	1.1002	     0
2.5169	    50	1.1019	     0
2.5215	    45	1.1035	     0
2.5261	    48	1.1052	     0
2.5307	    57	1.1068	     1
2.5353	    58	1.1085	     0
2.5398	    49	1.1102	     0
2.5444	    40	1.1118	     0
2.5490	    59	1.1135	     0
2.5536	    62	1.1151	     0
2.5582	    45	1.1168	     0
2.5628	    52	1.1185	     0
2.5674	    53	1.1201	     0
2.5720	    50	1.1218	     0
2.5766	    50	1.1234	     0
2.5812	    46	1.1251	     0
2.5857	    52	1.1268	     0
2.5903	    60	1.1284	     0
2.5949	    45	1.1301	     0
2.5995	    61	1.1317	     0
2.6041	    59	1.1334	     0
2.6087	    51	1.1351	     0
2.6133	    68	1.1367	     0
2.6179	    62	1.1384	     0
2.6225	    61	1.1400	     0
2.6271	    53	1.1417	     0
2.6316	    50	1.1434	     0
2.6362	    57	1.1450	     0
2.6408	    55	1.1467	     0
2.6454	    60	1.1483	     0
2.6500	    51	1.1500	     0
2.6546	    51	1.1517	     0
2.6592	    53	1.1533	     0
2.6638	    51	1.1550	     0
2.6684	    58	1.1566	     0
2.6729	    68	1.1583	     0
2.6775	    59	1.1600	     0
2.6821	    53	1.1616	     0
2.6867	    61	1.1633	     0
2.6913	    66	1.1649	     0
2.6959	    66	1.1666	     0
2.7005	    43	1.1683	     0
2.7051	    83	1.1699	     0
2.7097	    60	1.1716	     0
2.7143	    78	1.1732	     0
2.7188	    69	1.1749	     0
2.7234	    51	1.1766	     1
2.7280	    61	1.1782	     0
2.7326	    63	1.1799	     0
2.7372	    75	1.1815	     0
2.7418	    76	1.1832	     0
2.7464	    73	1.1849	     0
2.7510	    75	1.1865	     0
2.7556	    97	1.1882	     0
2.7602	    84	1.1898	     1
2.7647	    92	1.1915	     0
2.7693	    85	1.1932	     0
2.7739	    96	1.1948	     0
2.7785	    94	1.1965	     0
2.7831	   106	1.1981	     0
2.7877	   101	1.1998	     0
2.7923	   141	1.2015	     0
2.7969	   142	1.2031	     0
2.8015	   161	1.2048	     0
2.8061	   191	1.2064	     0
2.8106	   182	1.2081	     0
2.8152	   198	1.2098	     0
2.8198	   198	1.2114	     0
2.8244	   266	1.2131	     0
2.8290	   267	1.2147	     0
2.8336	   303	1.2164	     0
2.8382	   307	1.2181	     0
2.8428	   332	1.2197	     0
2.8474	   386	1.2214	     0
2.8520	   395	1.2230	     0
2.8565	   486	1.2247	     0
2.8611	   514	1.2264	     0
2.8657	   557	1.2280	     1
2.8703	   580	1.2297	     0
2.8749	   633	1.2313	     0
2.8795	   694	1.2330	     0
2.8841	   755	1.2347	     0
2.8887	   764	1.2363	     0
2.8933	   838	1.2380	     0
2.8979	   911	1.2396	     0
2.9024	  1059	1.2413	     0
2.9070	  1001	1.2430	     0
2.9116	  1121	1.2446	     0
2.9162	  1167	1.2463	     0
2.9208	  1253	1.2479	     0
2.9254	  1348	1.2496	     0
2.9300	  1359	1.2513	     0
2.9346	  1405	1.2529	     0
2.9392	  1541	1.2546	     0
2.9438	  1604	1.2562	     0
2.9483	  1586	1.2579	     0
2.9529	  1703	1.2596	     0
2.9575	  1759	1.2612	     0
2.9621	  1672	1.2629	     0
2.9667	  1744	1.2646	     0
2.9713	  1744	1.2662	     0
2.9759	  1689	1.2679	     0
2.9805	  1751	1.2695	     0
2.9851	  1767	1.2712	     0
2.9896	  1618	1.2729	     0
2.9942	  1727	1.2745	     0
2.9988	  1680	1.2762	     0
3.0034	  1529	1.2778	     1
3.0080	  1590	1.2795	     0
3.0126	  1572	1.2812	     0
3.0172	  1505	1.2828	     0
3.0218	  1443	1.2845	     0
3.0264	  1343	1.2861	     0
3.0310	  1252	1.2878	     0
3.0355	  1321	1.2895	     0
3.0401	  1186	1.2911	     0
3.0447	  1045	1.2928	     0
3.0493	  1017	1.2944	     0
3.0539	   947	1.2961	     0
3.0585	   815	1.2978	     0
3.0631	   797	1.2994	     0
3.0677	   677	1.3011	     0
3.0723	   623	1.3027	     0
3.0769	   539	1.3044	     0
3.0814	   489	1.3061	     0
3.0860	   437	1.3077	     0
3.0906	   406	1.3094	     0
3.0952	   342	1.3110	     0
3.0998	   292	1.3127	     0
3.1044	   256	1.3144	     0
3.1090	   234	1.3160	     0
3.1136	   193	1.3177	     0
3.1182	   163	1.3193	     0
3.1228	   133	1.3210	     0
3.1273	   131	1.3227	     1
3.1319	   102	1.3243	     0
3.1365	    77	1.3260	     0
3.1411	    72	1.3276	     0
3.1457	    68	1.3293	     0
3.1503	    32	1.3310	     0
3.1549	    44	1.3326	     0
3.1595	    31	1.3343	     0
3.1641	    32	1.3359	     0
3.1687	    25	1.3376	     0
3.1732	    23	1.3393	     0
3.1778	    22	1.3409	     0
3.1824	    24	1.3426	     0
3.1870	    16	1.3442	     0
3.1916	    20	1.3459	     0
3.1962	    12	1.3476	     0
3.2008	    16	1.3492	     0
3.2054	    10	1.3509	     0
3.2100	    19	1.3525	     0
3.2146	    14	1.3542	     0
3.2191	    15	1.3559	     0
3.2237	    20	1.3575	     0
3.2283	    18	1.3592	     0
3.2329	    24	1.3608	     0
3.2375	    15	1.3625	     0
3.2421	    14	1.3642	     0
3.2467	    22	1.3658	     0
3.2513	    24	1.3675	     0
3.2559	    20	1.3691	     0
3.2604	    25	1.3708	     0
3.2650	    23	1.3725	     0
3.2696	    17	1.3741	     0
3.2742	    26	1.3758	     0
3.2788	    26	1.3774	     0
3.2834	    21	1.3791	     0
3.2880	    27	1.3808	     0
3.2926	    26	1.3824	     0
3.2972	    28	1.3841	     0
3.3018	    24	1.3857	     0
3.3063	    31	1.3874	     0
3.3109	    42	1.3891	     0
3.3155	    28	1.3907	     0
3.3201	    27	1.3924	     0
3.3247	    35	1.3940	     0
3.3293	    24	1.3957	     0
3.3339	    15	1.3974	     0
3.3385	    31	1.3990	     0
3.3431	    32	1.4007	     0
3.3477	    19	1.4023	     0
3.3522	    43	1.4040	     0
3.3568	    29	1.4057	     0
3.3614	    36	1.4073	     0
3.3660	    37	1.4090	     0
3.3706	    40	1.4106	     0
3.3752	    33	1.4123	     0
3.3798	    44	1.4140	     0
3.3844	    38	1.4156	     0
3.3890	    47	1.4173	     0
3.3936	    34	1.4189	     0
3.3981	    50	1.4206	     0
3.4027	    35	1.4223	     0
3.4073	    49	1.4239	     0
3.4119	    44	1.4256	     0
3.4165	    42	1.4272	     0
3.4211	    38	1.4289	     0
3.4257	    41	1.4306	     0
3.4303	    37	1.4322	     0
3.4349	    41	1.4339	     0
3.4395	    47	1.4355	     0
3.4440	    38	1.4372	     0
3.4486	    48	1.4389	     0
3.4532	    36	1.4405	     0
3.4578	    40	1.4422	     0
3.4624	    44	1.4438	     0
3.4670	    29	1.4455	     0
3.4716	    42	1.4472	     0
3.4762	    34	1.4488	     0
3.4808	    39	1.4505	     0
3.4854	    39	1.4521	     0
3.4899	    49	1.4538	     0
3.4945	    40	1.4555	     0
3.4991	    28	1.4571	     0
3.5037	    35	1.4588	     0
3.5083	    46	1.4604	     0
3.5129	    36	1.4621	     0
3.5175	    46	1.4638	     0
3.5221	    45	1.4654	     0
3.5267	    36	1.4671	     0
3.5313	    53	1.4688	     0
3.5358	    32	1.4704	     1
3.5404	    37	1.4721	     0
3.5450	    41	1.4737	     0
3.5496	    47	1.4754	     0
3.5542	    32	1.4771	     0
3.5588	    41	1.4787	     0
3.5634	    35	1.4804	     0
3.5680	    48	1.4820	     1
3.5726	    52	1.4837	     0
3.5771	    41	1.4854	     0
3.5817	    50	1.4870	     0
3.5863	    32	1.4887	     0
3.5909	    38	1.4903	     0
3.5955	    39	1.4920	     0
3.6001	    36	1.4937	     0
3.6047	    34	1.4953	     0
3.6093	    28	1.4970	     0
3.6139	    30	1.4986	     0
3.6185	    21	1.5003	     0
3.6230	    27	1.5020	     0
3.6276	    34	1.5036	     0
3.6322	    27	1.5053	     0
3.6368	    18	1.5069	     0
3.6414	    23	1.5086	     0
3.6460	    24	1.5103	     0
3.6506	    26	1.5119	     0
3.6552	    35	1.5136	     0
3.6598	    26	1.5152	     0
3.6644	    22	1.5169	     0
3.6689	    23	1.5186	     0
3.6735	    15	1.5202	     0
3.6781	    27	1.5219	     0
3.6827	    25	1.5235	     0
3.6873	    19	1.5252	     0
3.6919	    19	1.5269	     0
3.6965	    18	1.5285	     0
3.7011	    18	1.5302	     0
3.7057	    19	1.5318	     0
3.7103	    26	1.5335	     0
3.7148	    30	1.5352	     0
3.7194	    37	1.5368	     0
3.7240	    43	1.5385	     0
3.7286	    57	1.5401	     0
3.7332	    63	1.5418	     0
3.7378	    65	1.5435	     0
3.7424	    64	1.5451	     0
3.7470	    60	1.5468	     0
3.7516	    85	1.5484	     0
3.7562	    97	1.5501	     0
3.7607	    78	1.5518	     0
3.7653	    76	1.5534	     0
3.7699	    73	1.5551	     0
3.7745	    57	1.5567	     0
3.7791	    48	1.5584	     0
3.7837	    42	1.5601	     0
3.7883	    31	1.5617	     0
3.7929	    29	1.5634	     0
3.7975	    22	1.5650	     0
3.8021	    15	1.5667	     0
3.8066	    16	1.5684	     0
3.8112	    12	1.5700	     0
3.8158	    14	1.5717	     0
3.8204	     5	1.5733	     0
3.8250	    22	1.5750	     0
3.8296	    13	1.5767	     0
3.8342	    17	1.5783	     0
3.8388	    23	1.5800	     0
3.8434	    24	1.5816	     0
3.8479	    24	1.5833	     0
3.8525	    28	1.5850	     0
3.8571	    29	1.5866	     0
3.8617	    32	1.5883	     0
3.8663	    37	1.5899	     0
3.8709	    33	1.5916	     0
3.8755	    48	1.5933	     0
3.8801	    31	1.5949	     0
3.8847	    24	1.5966	     1
3.8893	    28	1.5982	     0
3.8938	    21	1.5999	     0
3.8984	    21	1.6016	     1
3.9030	    11	1.6032	     0
3.9076	     5	1.6049	     0
3.9122	     4	1.6065	     0
3.9168	     4	1.6082	     0
3.9214	     3	1.6099	     0
3.9260	     1	1.6115	     0
3.9306	     2	1.6132	     0
3.9352	     1	1.6148	     0
3.9397	     2	1.6165	     0
3.9443	     2	1.6182	     0
3.9489	     4	1.6198	     0
3.9535	     1	1.6215	     0
3.9581	     0	1.6231	     0
3.9627	     2	1.6248	     0
3.9673	     3	1.6265	     0
3.9719	     2	1.6281	     0
3.9765	     0	1.6298	     0
3.9811	     1	1.6314	     0
3.9856	     2	1.6331	     0
3.9902	     2	1.6348	     0
3.9948	     0	1.6364	     0
3.9994	     0	1.6381	     0
4.0040	     1	1.6397	     0
4.0086	     2	1.6414	     0
4.0132	     2	1.6431	     0
4.0178	     5	1.6447	     0
4.0224	     1	1.6464	     0
4.0270	     0	1.6480	     0
4.0315	     2	1.6497	     0
4.0361	     2	1.6514	     0
4.0407	     1	1.6530	     0
4.0453	     1	1.6547	     0
4.0499	     1	1.6563	     0
4.0545	     1	1.6580	     0
4.0591	     4	1.6597	     0
4.0637	     2	1.6613	     0
4.0683	     1	1.6630	     0
4.0729	     3	1.6646	     0
4.0774	     4	1.6663	     0
4.0820	     3	1.6680	     0
4.0866	     0	1.6696	     0
4.0912	     3	1.6713	     0
4.0958	     3	1.6729	     0
4.1004	     3	1.6746	     0
4.1050	     2	1.6763	     1
4.1096	     1	1.6779	     0
4.1142	     2	1.6796	     0
4.1188	     2	1.6812	     0
4.1233	     1	1.6829	     0
4.1279	     2	1.6846	     0
4.1325	     2	1.6862	     0
4.1371	     7	1.6879	     0
4.1417	     3	1.6896	     0
4.1463	     2	1.6912	     1
4.1509	     2	1.6929	     0
4.1555	     1	1.6945	     0
4.1601	     2	1.6962	     0
4.1646	     2	1.6979	     0
4.1692	     1	1.6995	     1
4.1738	     7	1.7012	     0
4.1784	     2	1.7028	     0
4.1830	     1	1.7045	     0
4.1876	     4	1.7062	     0
4.1922	     1	1.7078	     0
4.1968	     2	1.7095	     0
4.2014	     4	1.7111	     0
4.2060	     4	1.7128	     0
4.2105	     0	1.7145	     0
4.2151	     5	1.7161	     0
4.2197	     3	1.7178	     0
4.2243	     3	1.7194	     0
4.2289	     2	1.7211	     0
4.2335	     3	1.7228	     0
4.2381	     3	1.7244	     0
4.2427	     0	1.7261	     0
4.2473	     1	1.7277	     0
4.2519	     3	1.7294	     0
4.2564	     4	1.7311	     0
4.2610	     0	1.7327	     0
4.2656	     1	1.7344	     0
4.2702	     1	1.7360	     0
4.2748	     1	1.7377	     0
4.2794	     2	1.7394	     0
4.2840	     1	1.7410	     0
4.2886	     2	1.7427	     0
4.2932	     4	1.7443	     0
4.2978	     4	1.7460	     0
4.3023	     1	1.7477	     0
4.3069	     1	1.7493	     0
4.3115	     3	1.7510	     0
4.3161	     1	1.7526	     0
4.3207	     3	1.7543	     0
4.3253	     3	1.7560	     0
4.3299	     2	1.7576	     0
4.3345	     4	1.7593	     0
4.3391	     3	1.7609	     0
4.3437	     2	1.7626	     0
4.3482	     4	1.7643	     0
4.3528	     2	1.7659	     0
4.3574	     3	1.7676	     0
4.3620	     2	1.7692	     0
4.3666	     4	1.7709	     0
4.3712	     1	1.7726	     1
4.3758	     1	1.7742	     0
4.3804	     1	1.7759	     0
4.3850	     2	1.7775	     0
4.3896	     5	1.7792	     0
4.3941	     5	1.7809	     0
4.3987	     0	1.7825	     0
4.4033	     4	1.7842	     0
4.4079	     3	1.7858	     0
4.4125	     8	1.7875	     0
4.4171	     2	1.7892	     0
4.4217	     8	1.7908	     0
4.4263	     5	1.7925	     0
4.4309	     6	1.7941	     0
4.4354	     8	1.7958	     0
4.4400	     8	1.7975	     0
4.4446	     6	1.7991	     0
4.4492	    10	1.8008	     0
4.4538	    10	1.8024	     0
4.4584	     7	1.8041	     0
4.4630	     5	1.8058	     0
4.4676	     5	1.8074	     0
4.4722	     5	1.8091	     0
4.4768	     3	1.8107	     0
4.4813	     3	1.8124	     0
4.4859	     2	1.8141	     0
4.4905	     2	1.8157	     0
4.4951	     2	1.8174	     0
4.4997	     5	1.8190	     0
4.5043	     1	1.8207	     0
4.5089	     2	1.8224	     0
4.5135	     2	1.8240	     0
4.5181	     1	1.8257	     0
4.5227	     0	1.8273	     0
4.5272	     0	1.8290	     0
4.5318	     1	1.8307	     0
4.5364	     2	1.8323	     0
4.5410	     0	1.8340	     0
4.5456	     1	1.8356	     0
4.5502	     0	1.8373	     0
4.5548	     1	1.8390	     0
4.5594	     0	1.8406	     0
4.5640	     0	1.8423	     0
4.5686	     0	1.8439	     0
4.5731	     0	1.8456	     0
4.5777	     1	1.8473	     0
4.5823	     1	1.8489	     0
4.5869	     1	1.8506	     0
4.5915	     0	1.8522	     0
4.5961	     1	1.8539	     0
4.6007	     0	1.8556	     0
4.6053	     0	1.8572	     0
4.6099	     0	1.8589	     0
4.6145	     0	1.8605	     0
4.6190	     0	1.8622	     0
4.6236	     0	1.8639	     0
4.6282	     0	1.8655	     0
4.6328	     0	1.8672	     0
4.6374	     0	1.8688	     0
4.6420	     0	1.8705	     0
4.6466	     0	1.8722	     0
4.6512	     0	1.8738	     0
4.6558	     0	1.8755	     0
4.6604	     0	1.8771	     0
4.6649	     0	1.8788	     0
4.6695	     0	1.8805	     0
4.6741	     0	1.8821	     0
4.6787	     0	1.8838	     0
4.6833	     0	1.8854	     0
4.6879	     0	1.8871	     0
4.6925	     0	1.8888	     0
4.6971	     0	1.8904	     0
4.7017	     0	1.8921	     0
4.7062	     0	1.8938	     0
4.7108	     0	1.8954	     0
4.7154	     0	1.8971	     0
4.7200	     0	1.8987	     0
4.7246	     0	1.9004	     0
4.7292	     0	1.9021	     0
4.7338	     0	1.9037	     0
4.7384	     0	1.9054	     0
4.7430	     0	1.9070	     0
4.7476	     0	1.9087	     0
4.7521	     0	1.9104	     1
4.7567	     0	1.9120	     0
4.7613	     0	1.9137	     0
4.7659	     0	1.9153	     0
4.7705	     0	1.9170	     0
4.7751	     0	1.9187	     0
4.7797	     0	1.9203	     0
4.7843	     0	1.9220	     0
4.7889	     0	1.9236	     0
4.7935	     0	1.9253	     0
4.7980	     0	1.9270	     0
4.8026	     0	1.9286	     0
4.8072	     1	1.9303	     0
4.8118	     0	1.9319	     0
4.8164	     0	1.9336	     0
4.8210	     0	1.9353	     0
4.8256	     0	1.9369	     0
4.8302	     0	1.9386	     0
4.8348	     0	1.9402	     0
4.8394	     0	1.9419	     0
4.8439	     0	1.9436	     0
4.8485	     0	1.9452	     0
4.8531	     0	1.9469	     0
4.8577	     0	1.9485	     0
4.8623	     0	1.9502	     0
4.8669	     0	1.9519	     0
4.8715	     0	1.9535	     0
4.8761	     0	1.9552	     0
4.8807	     0	1.9568	     0
4.8853	     0	1.9585	     0
4.8898	     0	1.9602	     0
4.8944	     0	1.9618	     1
4.8990	     0	1.9635	     0
4.9036	     0	1.9651	     0
4.9082	     0	1.9668	     0
4.9128	     0	1.9685	     0
4.9174	     0	1.9701	     0
4.9220	     0	1.9718	     0
4.9266	     0	1.9734	     0
4.9312	     0	1.9751	     0
4.9357	     0	1.9768	     0
4.9403	     0	1.9784	     0
4.9449	     0	1.9801	     0
4.9495	     0	1.9817	     0
4.9541	     0	1.9834	     0
4.9587	     0	1.9851	     0
4.9633	     0	1.9867	     1
4.9679	     0	1.9884	     0
4.9725	     0	1.9900	     0
4.9771	     0	1.9917	     0
4.9816	     0	1.9934	     0
4.9862	     0	1.9950	     0
4.9908	     0	1.9967	     0
4.9954	     0	1.9983	     0
